50
25
1 2 3 4 5 6 7 8 9 10 11 12 13 14 15 16 17 18 19 20 21 22 23 24 25 26 27 28 29 30 31 32 33 34 35 36 37 38 39 40 41 42 43 44 45 46 47 48 49 50
15 22 26 28 34 44 27 24 12 47 11 17 49 35 30 31 10 43 48 20 41 45 2 23 4
30
x 0.21233 0.13473 0.15006 0.19138 0.12999 0.18015 0.11653 0.16134 0.20927 0.1287 0.11384 0.20035 0.13463 0.21915 0.13095 0.18611 0.21751 0.21594 0.18453 0.20421 0.20714 0.21821 0.10626 0.14858 0.20407 0.11212 0.19518 0.1091 0.10505 0.14247 0.1806 0.1582 0.22673 0.21634 0.21322 0.21738 0.11779 0.13025 0.17093 0.1654 0.18446 0.16719 0.12696 0.16289 0.14722 0.18009 0.1931 0.10132 0.12906
0.21233 x 0.21122 0.12056 0.20854 0.10193 0.13771 0.11895 0.1296 0.201 0.13211 0.21307 0.2086 0.14252 0.2035 0.15019 0.1343 0.16857 0.11268 0.14407 0.10722 0.11538 0.18316 0.13888 0.18677 0.12053 0.21184 0.17682 0.19689 0.14394 0.10121 0.15866 0.16739 0.12715 0.10723 0.12197 0.18045 0.14833 0.13278 0.20472 0.11762 0.15216 0.10771 0.15446 0.19053 0.14419 0.21812 0.19219 0.13052 0.18121
0.13473 0.21122 x 0.12619 0.13002 0.15428 0.17133 0.10392 0.15093 0.15885 0.16658 0.20002 0.14157 0.1065 0.12316 0.20015 0.1101 0.1535 0.21248 0.1664 0.12204 0.18861 0.17557 0.10421 0.10433 0.22291 0.13211 0.17366 0.12285 0.1521 0.17395 0.12202 0.21164 0.18312 0.13072 0.12436 0.19174 0.16815 0.22552 0.16301 0.20538 0.11403 0.21142 0.14969 0.18844 0.19088 0.1717 0.18416 0.17622 0.19789
0.15006 0.12056 0.12619 x 0.16564 0.10128 0.1723 0.1825 0.19448 0.1532 0.14145 0.18086 0.16138 0.14137 0.20328 0.17134 0.16671 0.18715 0.16389 0.22358 0.14779 0.11518 0.18576 0.16103 0.22383 0.19974 0.14473 0.16097 0.12442 0.15315 0.11842 0.19038 0.19971 0.20893 0.13047 0.12201 0.20099 0.18737 0.22695 0.14535 0.17794 0.10454 0.21054 0.1034 0.20559 0.16351 0.19966 0.17685 0.16535 0.1589
0.19138 0.20854 0.13002 0.16564 x 0.12212 0.14776 0.10683 0.11644 0.12776 0.2061 0.15261 0.13276 0.20931 0.17528 0.18447 0.17734 0.13484 0.1871 0.11881 0.15282 0.12542 0.13853 0.10198 0.16854 0.18012 0.1232 0.13547 0.20987 0.16092 0.19026 0.17093 0.19707 0.12782 0.15639 0.17204 0.19981 0.14851 0.20972 0.10732 0.18963 0.20859 0.2515 0.21985 0.15621 0.12042 0.15119 0.18897 0.21432 0.16215
0.12999 0.10193 0.15428 0.10128 0.12212 x 0.12664 0.20587 0.10758 0.17011 0.13505 0.17625 0.15592 0.21142 0.15022 0.1248 0.21987 0.10643 0.20362 0.19962 0.1037 0.11056 0.1367 0.19529 0.14568 0.14384 0.12548 0.11942 0.18438 0.12835 0.19176 0.15467 0.12123 0.19305 0.16793 0.16825 0.13139 0.13315 0.19693 0.13302 0.18061 0.20324 0.20912 0.10897 0.18166 0.10463 0.1334 0.19461 0.11706 0.15228
0.18015 0.13771 0.17133 0.1723 0.14776 0.12664 x 0.15299 0.17722 0.13929 0.14603 0.22315 0.18238 0.16138 0.10645 0.18641 0.11014 0.19496 0.13752 0.22602 0.16539 0.15802 0.19899 0.2028 0.17551 0.1681 0.19554 0.11417 0.20068 0.11492 0.16589 0.12997 0.21161 0.14649 0.18163 0.1997 0.17284 0.12205 0.18499 0.18376 0.14911 0.14481 0.1157 0.15179 0.1979 0.19845 0.10863 0.17111 0.13485 0.11297
0.11653 0.11895 0.10392 0.1825 0.10683 0.20587 0.15299 x 0.13135 0.13584 0.14032 0.13301 0.15921 0.139 0.17954 0.22065 0.21201 0.1474 0.13711 0.13253 0.15315 0.20799 0.20209 0.15866 0.20019 0.14142 0.16644 0.16826 0.15314 0.21656 0.17608 0.11575 0.13394 0.16582 0.15064 0.12733 0.18246 0.14494 0.2307 0.16495 0.11831 0.18457 0.20085 0.18385 0.21264 0.19839 0.18004 0.26339 0.16249 0.23335
0.16134 0.1296 0.15093 0.19448 0.11644 0.10758 0.17722 0.13135 x 0.17398 0.14763 0.20809 0.18321 0.22669 0.14361 0.20419 0.1832 0.19388 0.196 0.20793 0.10921 0.1088 0.1969 0.10324 0.13709 0.17117 0.15898 0.17407 0.19658 0.12289 0.17609 0.13184 0.13292 0.18905 0.21263 0.1083 0.10646 0.10526 0.21012 0.1639 0.11355 0.1159 0.15503 0.18112 0.20627 0.18467 0.18548 0.19804 0.12412 0.1262
0.20927 0.201 0.15885 0.1532 0.12776 0.17011 0.13929 0.13584 0.17398 x 0.21326 0.12744 0.14654 0.20883 0.16339 0.17574 0.18738 0.18223 0.1112 0.1854 0.23311 0.17481 0.18463 0.14353 0.13727 0.10356 0.17512 0.19891 0.14141 0.11052 0.11436 0.10529 0.12437 0.21476 0.1619 0.23017 0.14775 0.19308 0.10072 0.10869 0.16174 0.13448 0.19902 0.18063 0.12767 0.13053 0.12462 0.14343 0.21732 0.15644
0.1287 0.13211 0.16658 0.14145 0.2061 0.13505 0.14603 0.14032 0.14763 0.21326 x 0.14833 0.18312 0.16133 0.13577 0.16584 0.19346 0.11123 0.14111 0.13155 0.19259 0.206 0.11592 0.11354 0.1026 0.16056 0.17006 0.18403 0.20219 0.14771 0.1884 0.18996 0.14998 0.22053 0.20483 0.17678 0.12904 0.13523 0.18189 0.11595 0.12243 0.14421 0.10578 0.19157 0.15038 0.20161 0.13034 0.20611 0.11113 0.10995
0.11384 0.21307 0.20002 0.18086 0.15261 0.17625 0.22315 0.13301 0.20809 0.12744 0.14833 x 0.12466 0.17681 0.12207 0.15437 0.21041 0.16422 0.22649 0.21946 0.19996 0.11474 0.19889 0.19934 0.17429 0.17834 0.17049 0.13375 0.195 0.11198 0.16174 0.19162 0.19018 0.17162 0.22089 0.23558 0.11401 0.14163 0.20937 0.13925 0.1214 0.16112 0.20696 0.20597 0.10104 0.22513 0.13182 0.19953 0.18414 0.12203
0.20035 0.2086 0.14157 0.16138 0.13276 0.15592 0.18238 0.15921 0.18321 0.14654 0.18312 0.12466 x 0.14396 0.13866 0.19276 0.19922 0.2123 0.14189 0.22165 0.15995 0.16933 0.10082 0.12881 0.21294 0.19415 0.18633 0.11753 0.11782 0.16206 0.14085 0.11122 0.18562 0.132 0.12846 0.11116 0.1978 0.11451 0.18458 0.18347 0.22828 0.10967 0.22222 0.17317 0.19335 0.13743 0.15604 0.10609 0.10165 0.19223
0.13463 0.14252 0.1065 0.14137 0.20931 0.21142 0.16138 0.139 0.22669 0.20883 0.16133 0.17681 0.14396 x 0.2055 0.11057 0.14143 0.13118 0.16793 0.1677 0.19186 0.16772 0.15314 0.18043 0.14923 0.13698 0.19813 0.12886 0.1879 0.17266 0.17517 0.16043 0.14724 0.20055 0.10027 0.18933 0.13157 0.22169 0.17236 0.10859 0.17073 0.15209 0.13723 0.18144 0.13685 0.11262 0.10218 0.1589 0.23322 0.10488
0.21915 0.2035 0.12316 0.20328 0.17528 0.15022 0.10645 0.17954 0.14361 0.16339 0.13577 0.12207 0.13866 0.2055 x 0.17541 0.17303 0.11055 0.19637 0.14804 0.15428 0.21771 0.15267 0.11431 0.20072 0.2103 0.18152 0.16218 0.12647 0.16591 0.14516 0.12808 0.21714 0.11303 0.12295 0.15899 0.14326 0.14223 0.10962 0.17654 0.19093 0.11661 0.17966 0.22766 0.17777 0.15549 0.15505 0.20378 0.15224 0.16936
0.13095 0.15019 0.20015 0.17134 0.18447 0.1248 0.18641 0.22065 0.20419 0.17574 0.16584 0.15437 0.19276 0.11057 0.17541 x 0.10778 0.10985 0.1709 0.231 0.19555 0.23334 0.16514 0.17798 0.20207 0.15742 0.12891 0.1286 0.11683 0.19618 0.16257 0.18978 0.19218 0.13726 0.14912 0.18089 0.11218 0.15371 0.23539 0.10021 0.18177 0.11536 0.20152 0.1047 0.19982 0.12513 0.18978 0.17977 0.18986 0.12943
0.18611 0.1343 0.1101 0.16671 0.17734 0.21987 0.11014 0.21201 0.1832 0.18738 0.19346 0.21041 0.19922 0.14143 0.17303 0.10778 x 0.13196 0.10837 0.15003 0.19529 0.21189 0.16824 0.18746 0.10935 0.15758 0.16165 0.11457 0.10066 0.10502 0.12858 0.11693 0.19112 0.15643 0.20693 0.20882 0.18235 0.11869 0.13284 0.1653 0.10785 0.16418 0.19506 0.16642 0.15325 0.19939 0.15616 0.14606 0.20032 0.17717
0.21751 0.16857 0.1535 0.18715 0.13484 0.10643 0.19496 0.1474 0.19388 0.18223 0.11123 0.16422 0.2123 0.13118 0.11055 0.10985 0.13196 x 0.11704 0.17829 0.11406 0.18871 0.15438 0.12092 0.12048 0.10151 0.15285 0.19329 0.15293 0.13217 0.10071 0.10192 0.17119 0.12256 0.16849 0.10391 0.12789 0.17007 0.15975 0.1134 0.1063 0.16307 0.17093 0.15778 0.14701 0.1051 0.14115 0.11849 0.18135 0.14235
0.21594 0.11268 0.21248 0.16389 0.1871 0.20362 0.13752 0.13711 0.196 0.1112 0.14111 0.22649 0.14189 0.16793 0.19637 0.1709 0.10837 0.11704 x 0.21974 0.20554 0.2039 0.17133 0.14691 0.19142 0.18686 0.13907 0.14141 0.1171 0.16876 0.20303 0.20744 0.20141 0.15948 0.10119 0.20547 0.23768 0.16615 0.17716 0.15358 0.10708 0.18072 0.17661 0.12481 0.20942 0.14818 0.11344 0.21025 0.15611 0.16255
0.18453 0.14407 0.1664 0.22358 0.11881 0.19962 0.22602 0.13253 0.20793 0.1854 0.13155 0.21946 0.22165 0.1677 0.14804 0.231 0.15003 0.17829 0.21974 x 0.18454 0.12463 0.18672 0.18856 0.17641 0.18897 0.13218 0.22227 0.1245 0.20237 0.20115 0.14358 0.16901 0.1052 0.15087 0.20252 0.19822 0.11155 0.18447 0.18465 0.19532 0.15256 0.13608 0.20017 0.20032 0.13707 0.12379 0.19428 0.21914 0.18716
0.20421 0.10722 0.12204 0.14779 0.15282 0.1037 0.16539 0.15315 0.10921 0.23311 0.19259 0.19996 0.15995 0.19186 0.15428 0.19555 0.19529 0.11406 0.20554 0.18454 x 0.1383 0.1819 0.15087 0.15924 0.18388 0.2106 0.17823 0.2175 0.17025 0.18035 0.17656 0.13658 0.10735 0.18923 0.18904 0.19488 0.10068 0.20416 0.21645 0.10339 0.10477 0.18652 0.18108 0.15088 0.15779 0.19273 0.15197 0.14785 0.19226
0.20714 0.11538 0.18861 0.11518 0.12542 0.11056 0.15802 0.20799 0.1088 0.17481 0.206 0.11474 0.16933 0.16772 0.21771 0.23334 0.21189 0.18871 0.2039 0.12463 0.1383 x 0.12147 0.13942 0.22585 0.23055 0.14789 0.1374 0.14482 0.13 0.11301 0.20975 0.11033 0.19565 0.16772 0.18092 0.17757 0.13163 0.19011 0.14534 0.10605 0.16918 0.1721 0.13508 0.12497 0.11407 0.21082 0.16051 0.20537 0.21539
0.21821 0.18316 0.17557 0.18576 0.13853 0.1367 0.19899 0.20209 0.1969 0.18463 0.11592 0.19889 0.10082 0.15314 0.15267 0.16514 0.16824 0.15438 0.17133 0.18672 0.1819 0.12147 x 0.11417 0.19329 0.13699 0.11043 0.12575 0.17239 0.15242 0.19966 0.11204 0.10495 0.20753 0.2039 0.13306 0.1161 0.18418 0.21079 0.19603 0.21105 0.11341 0.13447 0.1567 0.17888 0.19559 0.21127 0.20528 0.13894 0.21189
0.10626 0.13888 0.10421 0.16103 0.10198 0.19529 0.2028 0.15866 0.10324 0.14353 0.11354 0.19934 0.12881 0.18043 0.11431 0.17798 0.18746 0.12092 0.14691 0.18856 0.15087 0.13942 0.11417 x 0.11052 0.20145 0.198 0.17443 0.16568 0.15701 0.10942 0.1122 0.14002 0.13546 0.11013 0.19618 0.14981 0.11907 0.19915 0.19951 0.19733 0.12383 0.19579 0.14983 0.18153 0.14451 0.13317 0.23294 0.152 0.12205
0.14858 0.18677 0.10433 0.22383 0.16854 0.14568 0.17551 0.20019 0.13709 0.13727 0.1026 0.17429 0.21294 0.14923 0.20072 0.20207 0.10935 0.12048 0.19142 0.17641 0.15924 0.22585 0.19329 0.11052 x 0.19567 0.12282 0.17298 0.16135 0.14353 0.20857 0.10373 0.17893 0.21126 0.1579 0.18353 0.212 0.10152 0.21249 0.16192 0.15131 0.1769 0.17409 0.16915 0.10371 0.15583 0.10848 0.18892 0.15334 0.20264
0.20407 0.12053 0.22291 0.19974 0.18012 0.14384 0.1681 0.14142 0.17117 0.10356 0.16056 0.17834 0.19415 0.13698 0.2103 0.15742 0.15758 0.10151 0.18686 0.18897 0.18388 0.23055 0.13699 0.20145 0.19567 x 0.102 0.10301 0.19346 0.12076 0.18655 0.15641 0.18164 0.21435 0.15037 0.13242 0.18605 0.23025 0.10092 0.1413 0.18055 0.21045 0.20622 0.17986 0.11292 0.17403 0.14063 0.19652 0.19555 0.10629
0.11212 0.21184 0.13211 0.14473 0.1232 0.12548 0.19554 0.16644 0.15898 0.17512 0.17006 0.17049 0.18633 0.19813 0.18152 0.12891 0.16165 0.15285 0.13907 0.13218 0.2106 0.14789 0.11043 0.198 0.12282 0.102 x 0.19239 0.15465 0.13749 0.17908 0.14601 0.20479 0.12482 0.20428 0.14515 0.19515 0.18824 0.13187 0.19918 0.22392 0.21184 0.14769 0.10254 0.203 0.16912 0.14173 0.18656 0.18132 0.10801
0.19518 0.17682 0.17366 0.16097 0.13547 0.11942 0.11417 0.16826 0.17407 0.19891 0.18403 0.13375 0.11753 0.12886 0.16218 0.1286 0.11457 0.19329 0.14141 0.22227 0.17823 0.1374 0.12575 0.17443 0.17298 0.10301 0.19239 x 0.14438 0.12741 0.15408 0.17639 0.17189 0.20304 0.1128 0.18745 0.10688 0.22727 0.11601 0.212 0.12623 0.12312 0.13508 0.20559 0.16129 0.12204 0.10746 0.1239 0.1269 0.19992
0.1091 0.19689 0.12285 0.12442 0.20987 0.18438 0.20068 0.15314 0.19658 0.14141 0.20219 0.195 0.11782 0.1879 0.12647 0.11683 0.10066 0.15293 0.1171 0.1245 0.2175 0.14482 0.17239 0.16568 0.16135 0.19346 0.15465 0.14438 x 0.14188 0.10987 0.21137 0.10717 0.1577 0.19148 0.12019 0.17902 0.17097 0.19852 0.12016 0.13024 0.14184 0.10985 0.11051 0.2023 0.16684 0.1255 0.18638 0.15541 0.18437
0.10505 0.14394 0.1521 0.15315 0.16092 0.12835 0.11492 0.21656 0.12289 0.11052 0.14771 0.11198 0.16206 0.17266 0.16591 0.19618 0.10502 0.13217 0.16876 0.20237 0.17025 0.13 0.15242 0.15701 0.14353 0.12076 0.13749 0.12741 0.14188 x 0.17107 0.12451 0.11263 0.15874 0.19529 0.14073 0.17478 0.1722 0.17271 0.11091 0.18372 0.17862 0.14079 0.14631 0.16716 0.16269 0.1726 0.14212 0.20175 0.15264
0.14247 0.10121 0.17395 0.11842 0.19026 0.19176 0.16589 0.17608 0.17609 0.11436 0.1884 0.16174 0.14085 0.17517 0.14516 0.16257 0.12858 0.10071 0.20303 0.20115 0.18035 0.11301 0.19966 0.10942 0.20857 0.18655 0.17908 0.15408 0.10987 0.17107 x 0.12729 0.1354 0.12035 0.14505 0.15522 0.18435 0.21089 0.21186 0.19846 0.19778 0.18385 0.20059 0.11158 0.10582 0.19428 0.11898 0.12913 0.15717 0.19895
0.1806 0.15866 0.12202 0.19038 0.17093 0.15467 0.12997 0.11575 0.13184 0.10529 0.18996 0.19162 0.11122 0.16043 0.12808 0.18978 0.11693 0.10192 0.20744 0.14358 0.17656 0.20975 0.11204 0.1122 0.10373 0.15641 0.14601 0.17639 0.21137 0.12451 0.12729 x 0.1956 0.1105 0.13189 0.13485 0.21267 0.14853 0.20332 0.2136 0.1198 0.12506 0.11551 0.20005 0.13046 0.19313 0.10766 0.19869 0.11966 0.17643
0.1582 0.16739 0.21164 0.19971 0.19707 0.12123 0.21161 0.13394 0.13292 0.12437 0.14998 0.19018 0.18562 0.14724 0.21714 0.19218 0.19112 0.17119 0.20141 0.16901 0.13658 0.11033 0.10495 0.14002 0.17893 0.18164 0.20479 0.17189 0.10717 0.11263 0.1354 0.1956 x 0.17451 0.10761 0.11843 0.17092 0.10459 0.17323 0.10067 0.12766 0.10932 0.11501 0.10427 0.2116 0.10189 0.20812 0.13402 0.1433 0.18852
0.22673 0.12715 0.18312 0.20893 0.12782 0.19305 0.14649 0.16582 0.18905 0.21476 0.22053 0.17162 0.132 0.20055 0.11303 0.13726 0.15643 0.12256 0.15948 0.1052 0.10735 0.19565 0.20753 0.13546 0.21126 0.21435 0.12482 0.20304 0.1577 0.15874 0.12035 0.1105 0.17451 x 0.17844 0.14991 0.1414 0.11976 0.1975 0.13796 0.14919 0.16396 0.17962 0.1681 0.15827 0.10869 0.17119 0.12265 0.153 0.11628
0.21634 0.10723 0.13072 0.13047 0.15639 0.16793 0.18163 0.15064 0.21263 0.1619 0.20483 0.22089 0.12846 0.10027 0.12295 0.14912 0.20693 0.16849 0.10119 0.15087 0.18923 0.16772 0.2039 0.11013 0.1579 0.15037 0.20428 0.1128 0.19148 0.19529 0.14505 0.13189 0.10761 0.17844 x 0.10953 0.15371 0.15654 0.10673 0.15188 0.17866 0.16743 0.10395 0.13972 0.22029 0.10278 0.18453 0.14474 0.17512 0.13793
0.21322 0.12197 0.12436 0.12201 0.17204 0.16825 0.1997 0.12733 0.1083 0.23017 0.17678 0.23558 0.11116 0.18933 0.15899 0.18089 0.20882 0.10391 0.20547 0.20252 0.18904 0.18092 0.13306 0.19618 0.18353 0.13242 0.14515 0.18745 0.12019 0.14073 0.15522 0.13485 0.11843 0.14991 0.10953 x 0.13836 0.15197 0.19804 0.20458 0.1391 0.19411 0.16368 0.19645 0.2226 0.19325 0.10663 0.16626 0.15093 0.14431
0.21738 0.18045 0.19174 0.20099 0.19981 0.13139 0.17284 0.18246 0.10646 0.14775 0.12904 0.11401 0.1978 0.13157 0.14326 0.11218 0.18235 0.12789 0.23768 0.19822 0.19488 0.17757 0.1161 0.14981 0.212 0.18605 0.19515 0.10688 0.17902 0.17478 0.18435 0.21267 0.17092 0.1414 0.15371 0.13836 x 0.14849 0.15023 0.12643 0.14484 0.21276 0.11822 0.18575 0.1107 0.18176 0.19236 0.10173 0.12935 0.13075
0.11779 0.14833 0.16815 0.18737 0.14851 0.13315 0.12205 0.14494 0.10526 0.19308 0.13523 0.14163 0.11451 0.22169 0.14223 0.15371 0.11869 0.17007 0.16615 0.11155 0.10068 0.13163 0.18418 0.11907 0.10152 0.23025 0.18824 0.22727 0.17097 0.1722 0.21089 0.14853 0.10459 0.11976 0.15654 0.15197 0.14849 x 0.20159 0.14181 0.18224 0.1091 0.1201 0.10894 0.17141 0.19672 0.17287 0.20656 0.10997 0.19505
0.13025 0.13278 0.22552 0.22695 0.20972 0.19693 0.18499 0.2307 0.21012 0.10072 0.18189 0.20937 0.18458 0.17236 0.10962 0.23539 0.13284 0.15975 0.17716 0.18447 0.20416 0.19011 0.21079 0.19915 0.21249 0.10092 0.13187 0.11601 0.19852 0.17271 0.21186 0.20332 0.17323 0.1975 0.10673 0.19804 0.15023 0.20159 x 0.16061 0.1881 0.13468 0.15988 0.19944 0.20015 0.12614 0.13033 0.10138 0.18783 0.14795
0.17093 0.20472 0.16301 0.14535 0.10732 0.13302 0.18376 0.16495 0.1639 0.10869 0.11595 0.13925 0.18347 0.10859 0.17654 0.10021 0.1653 0.1134 0.15358 0.18465 0.21645 0.14534 0.19603 0.19951 0.16192 0.1413 0.19918 0.212 0.12016 0.11091 0.19846 0.2136 0.10067 0.13796 0.15188 0.20458 0.12643 0.14181 0.16061 x 0.1225 0.11259 0.16738 0.17056 0.20987 0.11083 0.16043 0.13551 0.13583 0.11342
0.1654 0.11762 0.20538 0.17794 0.18963 0.18061 0.14911 0.11831 0.11355 0.16174 0.12243 0.1214 0.22828 0.17073 0.19093 0.18177 0.10785 0.1063 0.10708 0.19532 0.10339 0.10605 0.21105 0.19733 0.15131 0.18055 0.22392 0.12623 0.13024 0.18372 0.19778 0.1198 0.12766 0.14919 0.17866 0.1391 0.14484 0.18224 0.1881 0.1225 x 0.15732 0.16179 0.2188 0.17784 0.1533 0.13784 0.21074 0.12741 0.15597
0.18446 0.15216 0.11403 0.10454 0.20859 0.20324 0.14481 0.18457 0.1159 0.13448 0.14421 0.16112 0.10967 0.15209 0.11661 0.11536 0.16418 0.16307 0.18072 0.15256 0.10477 0.16918 0.11341 0.12383 0.1769 0.21045 0.21184 0.12312 0.14184 0.17862 0.18385 0.12506 0.10932 0.16396 0.16743 0.19411 0.21276 0.1091 0.13468 0.11259 0.15732 x 0.12268 0.15811 0.1516 0.13741 0.21696 0.14613 0.1779 0.11432
0.16719 0.10771 0.21142 0.21054 0.2515 0.20912 0.1157 0.20085 0.15503 0.19902 0.10578 0.20696 0.22222 0.13723 0.17966 0.20152 0.19506 0.17093 0.17661 0.13608 0.18652 0.1721 0.13447 0.19579 0.17409 0.20622 0.14769 0.13508 0.10985 0.14079 0.20059 0.11551 0.11501 0.17962 0.10395 0.16368 0.11822 0.1201 0.15988 0.16738 0.16179 0.12268 x 0.19015 0.21433 0.16309 0.18667 0.20065 0.20255 0.13337
0.12696 0.15446 0.14969 0.1034 0.21985 0.10897 0.15179 0.18385 0.18112 0.18063 0.19157 0.20597 0.17317 0.18144 0.22766 0.1047 0.16642 0.15778 0.12481 0.20017 0.18108 0.13508 0.1567 0.14983 0.16915 0.17986 0.10254 0.20559 0.11051 0.14631 0.11158 0.20005 0.10427 0.1681 0.13972 0.19645 0.18575 0.10894 0.19944 0.17056 0.2188 0.15811 0.19015 x 0.17576 0.17816 0.12243 0.19491 0.18326 0.10592
0.16289 0.19053 0.18844 0.20559 0.15621 0.18166 0.1979 0.21264 0.20627 0.12767 0.15038 0.10104 0.19335 0.13685 0.17777 0.19982 0.15325 0.14701 0.20942 0.20032 0.15088 0.12497 0.17888 0.18153 0.10371 0.11292 0.203 0.16129 0.2023 0.16716 0.10582 0.13046 0.2116 0.15827 0.22029 0.2226 0.1107 0.17141 0.20015 0.20987 0.17784 0.1516 0.21433 0.17576 x 0.1977 0.17187 0.10824 0.11524 0.10432
0.14722 0.14419 0.19088 0.16351 0.12042 0.10463 0.19845 0.19839 0.18467 0.13053 0.20161 0.22513 0.13743 0.11262 0.15549 0.12513 0.19939 0.1051 0.14818 0.13707 0.15779 0.11407 0.19559 0.14451 0.15583 0.17403 0.16912 0.12204 0.16684 0.16269 0.19428 0.19313 0.10189 0.10869 0.10278 0.19325 0.18176 0.19672 0.12614 0.11083 0.1533 0.13741 0.16309 0.17816 0.1977 x 0.18717 0.10075 0.13953 0.21005
0.18009 0.21812 0.1717 0.19966 0.15119 0.1334 0.10863 0.18004 0.18548 0.12462 0.13034 0.13182 0.15604 0.10218 0.15505 0.18978 0.15616 0.14115 0.11344 0.12379 0.19273 0.21082 0.21127 0.13317 0.10848 0.14063 0.14173 0.10746 0.1255 0.1726 0.11898 0.10766 0.20812 0.17119 0.18453 0.10663 0.19236 0.17287 0.13033 0.16043 0.13784 0.21696 0.18667 0.12243 0.17187 0.18717 x 0.22925 0.19078 0.19711
0.1931 0.19219 0.18416 0.17685 0.18897 0.19461 0.17111 0.26339 0.19804 0.14343 0.20611 0.19953 0.10609 0.1589 0.20378 0.17977 0.14606 0.11849 0.21025 0.19428 0.15197 0.16051 0.20528 0.23294 0.18892 0.19652 0.18656 0.1239 0.18638 0.14212 0.12913 0.19869 0.13402 0.12265 0.14474 0.16626 0.10173 0.20656 0.10138 0.13551 0.21074 0.14613 0.20065 0.19491 0.10824 0.10075 0.22925 x 0.12582 0.14411
0.10132 0.13052 0.17622 0.16535 0.21432 0.11706 0.13485 0.16249 0.12412 0.21732 0.11113 0.18414 0.10165 0.23322 0.15224 0.18986 0.20032 0.18135 0.15611 0.21914 0.14785 0.20537 0.13894 0.152 0.15334 0.19555 0.18132 0.1269 0.15541 0.20175 0.15717 0.11966 0.1433 0.153 0.17512 0.15093 0.12935 0.10997 0.18783 0.13583 0.12741 0.1779 0.20255 0.18326 0.11524 0.13953 0.19078 0.12582 x 0.18291
0.12906 0.18121 0.19789 0.1589 0.16215 0.15228 0.11297 0.23335 0.1262 0.15644 0.10995 0.12203 0.19223 0.10488 0.16936 0.12943 0.17717 0.14235 0.16255 0.18716 0.19226 0.21539 0.21189 0.12205 0.20264 0.10629 0.10801 0.19992 0.18437 0.15264 0.19895 0.17643 0.18852 0.11628 0.13793 0.14431 0.13075 0.19505 0.14795 0.11342 0.15597 0.11432 0.13337 0.10592 0.10432 0.21005 0.19711 0.14411 0.18291 x