50
25
1 2 3 4 5 6 7 8 9 10 11 12 13 14 15 16 17 18 19 20 21 22 23 24 25 26 27 28 29 30 31 32 33 34 35 36 37 38 39 40 41 42 43 44 45 46 47 48 49 50
49 41 26 43 34 33 48 25 11 29 5 37 22 14 15 31 32 45 3 18 27 17 21 10 40
26
x 5010561.44191 4992225.70371 4837917.99052 5023935.51805 4989964.55709 3472849.64517 5078988.79503 4861455.82968 5409854.97302 2746877.81147 4206292.56217 5382207.73455 4889874.62595 5627436.31282 5579709.94461 5373503.89993 5438616.16589 5409096.35914 5613965.06219 5484000.93062 5576292.70897 5574010.79214 5377390.20306 5544573.78447 5549723.21873 5652154.83224 5374550.40603 5636608.03187 5365061.14707 5463513.87497 5649371.86451 5531251.81472 5415938.81821 5291514.73938 5362893.22528 5486400.18792 5444686.25863 5641062.14331 5551674.09109 5169670.74315 5645530.45494 5580169.66991 4548114.13775 4702367.73285 5524485.78943 5574976.37251 3974217.55087 5583929.30943 2908748.7416
5010561.44191 x 5726027.21426 5786839.17966 5720798.53202 5822336.59152 4405452.9193 5762360.84037 5717230.52167 5869025.99869 3208410.67513 5653616.56369 5843740.59821 3128846.40935 6088969.17648 6041242.80827 5835036.76359 5900149.02955 5870629.2228 6075497.92585 5945533.79428 6037825.57263 6035543.6558 5838923.06672 6006106.64813 6011256.08239 6113687.6959 5836083.26969 6098140.89553 4900077.59717 5925046.73863 4934326.50797 4540809.22546 5877471.68187 6100378.33232 5824426.08894 5947933.05158 5906219.12229 6011765.47902 6013206.95475 3408642.52655 6107063.3186 6041702.53357 5942074.01395 5870332.72025 5986018.65309 6036509.23617 5970294.08218 6045462.17309 3370281.60526
4992225.70371 5726027.21426 x 5737726.3787 5671685.73106 5773223.79056 5613806.05614 5713248.03941 5668117.72071 5819913.19773 3153840.89629 5599046.78485 5789170.81937 5502009.5205 6034399.39764 5986673.02943 5780466.98475 5845579.25071 5816059.44396 6020928.14701 5890964.01544 5983255.79379 5980973.87696 5784353.28788 5951536.86929 5956686.30355 6059117.91706 5781513.49085 6043571.11669 5772024.23189 5870476.95979 6056334.94933 5938214.89954 5822901.90303 6007100.85478 5769856.3101 5893363.27274 5851649.34345 6048025.22813 5958637.17591 5774673.17364 6052493.53976 5987132.75473 5897872.49309 5815762.94141 5931448.87425 5981939.45733 5915724.30334 5990892.39425 3315711.82642
4837917.99052 5786839.17966 5737726.3787 x 5732497.69646 5834035.75596 5674618.02154 5774060.00481 5728929.68611 5880725.16313 3221409.74673 5666615.63529 5856739.66981 5132233.56768 6101968.24808 6054241.87987 5848035.83519 5913148.10115 5883628.2944 6088496.99745 5958532.86588 6050824.64423 6048542.7274 5851922.13832 6019105.71973 6024255.15399 6126686.7675 5849082.34129 6111139.96713 5839593.08233 5938045.81023 6123903.79977 6005783.74998 5890470.75347 6069379.19332 5837425.16054 5960932.12318 5919218.19389 6115594.07857 6026206.02635 5412029.68488 6120062.3902 5962969.9008 5952603.26195 5883331.79185 5999017.72469 6049508.30777 5983293.15378 6058461.24469 3383280.67686
5023935.51805 5720798.53202 5671685.73106 5732497.69646 x 5767995.10832 5608577.3739 5708019.35717 5662889.03847 5814684.51549 3148031.24934 5593237.1379 5783361.17242 3170852.85684 6028589.75069 5980863.38248 5774657.3378 5839769.60376 5810249.79701 6015118.50006 5885154.36849 5977446.14684 5975164.23001 5778543.64093 5945727.22234 5950876.6566 6053308.27011 5731723.13618 6037761.46974 4942084.04466 5864667.31284 4976332.95546 4582815.67295 5817092.25608 5777171.47232 5764046.66315 5887553.62579 5845839.6965 6042215.58118 5952827.52896 3450648.97404 6046683.89281 3154063.62949 3785499.01956 5181758.49514 3995595.83649 5976129.81038 4629401.49014 5985082.7473 3309902.17947
4989964.55709 5822336.59152 5773223.79056 5834035.75596 5767995.10832 x 5708823.68194 5809557.41667 5764427.09797 5615969.69173 2948846.04277 5394051.93133 5584175.96585 5305890.519 5829404.54412 5781678.17591 5575472.13123 5640584.39719 5611064.59044 5815933.29349 5685969.16192 5778260.94027 5775979.02344 5579358.43436 5746542.01577 5751691.45003 5628623.05749 5576518.63733 5838576.26317 5567029.37837 5665482.10627 5851340.09581 5733220.04602 5617907.04951 5840813.69996 5564861.45658 5688368.41922 5646654.48993 5843030.37461 5753642.32239 5569678.32012 5847498.68624 5782137.90121 5816071.6943 5610768.08789 5726454.02073 5776944.60381 5710729.44982 5785897.54073 3110716.9729
3472849.64517 4405452.9193 5613806.05614 5674618.02154 5608577.3739 5708823.68194 x 5650139.68225 5605009.36355 5750844.14839 3083720.49943 5528926.38799 5719050.42251 5087505.30146 5964279.00078 5916552.63257 5710346.58789 5775458.85385 5745939.0471 5950807.75015 5820843.61858 5913135.39693 5910853.4801 5714232.89102 5881416.47243 5886565.90669 5988997.5202 5711393.09399 5973450.71983 5701903.83503 5800356.56293 5986214.55247 5868094.50268 5752781.50617 3108121.77802 5699735.91324 5823242.87588 5781528.94659 5977904.83127 5888516.77905 5367301.41866 5960268.54961 5917012.35787 4007020.93951 3882501.45867 5332692.67687 5911819.06047 4718830.10922 5920771.99739 3245591.42956
5078988.79503 5762360.84037 5713248.03941 5774060.00481 5708019.35717 5809557.41667 5650139.68225 x 5704451.34682 5856246.82384 3194211.59196 5639417.48052 5829541.51504 5468487.51651 6074770.09331 6027043.7251 5820837.68042 5885949.94638 5856430.13963 6061298.84268 5931334.71111 6023626.48946 6021344.57263 5824723.98355 5991907.56496 5997056.99922 6099488.61273 5821884.18652 6083941.81236 5812394.92756 5910847.65546 6096705.645 5978585.59521 5863272.5987 6086179.24915 5810227.00577 5933733.96841 5892020.03912 6088395.9238 5999007.87158 5748283.63371 6092864.23543 6027503.4504 5930572.75659 5856133.63708 5971819.56992 6022310.153 5956094.99901 6031263.08992 3356082.52209
4861455.82968 5717230.52167 5668117.72071 5728929.68611 5662889.03847 5764427.09797 5605009.36355 5704451.34682 x 5811116.50514 3144066.79341 5589272.68197 5779396.71649 5501111.26964 6024625.29476 5976898.92655 5770692.88187 5835805.14783 5806285.34108 6011154.04413 5881189.91256 5973481.69091 5971199.77408 5774579.185 5941762.76641 5946912.20067 6049343.81418 5771739.38797 6033797.01381 5762250.12901 5860702.85691 6046560.84645 5928440.79666 5813127.80015 6036034.4506 5760082.20722 5883589.16986 5841875.24057 6038251.12525 5948863.07303 5764899.07076 6042719.43688 5900322.10861 6011292.44494 5805988.83853 5921674.77137 5972165.35445 5905950.20046 5981118.29137 3305937.72354
5409854.97302 5869025.99869 5819913.19773 5880725.16313 5814684.51549 5615969.69173 5750844.14839 5856246.82384 5811116.50514 x 2990866.50922 5436072.39778 5626196.4323 5087736.88447 5871425.01057 5823698.64236 5617492.59768 4345117.65858 5653085.05689 5857953.75994 5727989.62837 3151559.85829 5817999.48989 5621378.90081 5788562.48222 5793711.91648 5896143.52999 5107198.23466 5880596.72962 5609049.84482 5707502.57272 5893360.56226 5775240.51247 5659927.51596 5882834.16641 5606881.92303 5730388.88567 5688674.95638 5885050.84106 5795662.78884 5367533.00167 5889519.15269 4995134.98305 5626570.37312 5652788.55434 5768474.48718 5818965.07026 5752749.91627 5827918.00718 3152737.43935
2746877.81147 3208410.67513 3153840.89629 3221409.74673 3148031.24934 2948846.04277 3083720.49943 3194211.59196 3144066.79341 2990866.50922 x 2768948.74882 2959072.78334 2680787.33649 3204301.36161 3156574.9934 2950368.94872 3015481.21468 2985961.40793 3190830.11098 3060865.97941 3153157.75776 3150875.84093 2954255.25185 3121438.83326 3126588.26752 3229019.88103 2951415.45482 3213473.08066 2941926.19586 3040378.92376 3226236.9133 3108116.86351 2992803.867 3215710.51745 2939758.27407 3063265.23671 3021551.30742 3217927.1921 3128539.13988 2944575.13761 3222395.50373 3157034.7187 3190968.51179 2985664.90538 3101350.83822 3151841.4213 3085626.26731 3160794.35822 5199702.74285
4206292.56217 5653616.56369 5599046.78485 5666615.63529 5593237.1379 5394051.93133 5528926.38799 5639417.48052 5589272.68197 5436072.39778 2768948.74882 x 5404278.6719 4667503.6196 5649507.25017 5601780.88196 5395574.83728 5460687.10324 5431167.29649 5636035.99954 5506071.86797 5598363.64632 5596081.72949 5399461.14041 5566644.72182 5571794.15608 5674225.76959 5396621.34338 5658678.96922 5387132.08442 5485584.81232 5671442.80186 5553322.75207 5438009.75556 5160673.50091 5384964.16263 5508471.12527 5466757.19598 5663133.08066 5573745.02844 4947299.7368 5667601.39229 5402966.58389 4393867.64029 4565260.52373 5546556.72678 5597047.30986 3944404.74412 5606000.24678 6868159.0813
5382207.73455 5843740.59821 5789170.81937 5856739.66981 5783361.17242 5584175.96585 5719050.42251 5829541.51504 5779396.71649 5626196.4323 2959072.78334 5404278.6719 x 5316117.25957 5839631.28469 5791904.91648 5585698.8718 5650811.13776 5621291.33101 5826160.03406 5696195.90249 5788487.68084 5786205.76401 5589585.17493 5756768.75634 5761918.1906 5864349.80411 5586745.3779 5848803.00374 5577256.11894 5675708.84684 5861566.83638 5743446.78659 5628133.79008 5833275.92627 5575088.19715 5698595.15979 5656881.2305 5853257.11518 5763869.06296 5579905.06069 5857725.42681 5792364.64178 5826298.43487 5620994.82846 5736680.7613 5787171.34438 5720956.19039 5796124.2813 7835032.66593
4889874.62595 3128846.40935 5502009.5205 5132233.56768 3170852.85684 5305890.519 5087505.30146 5468487.51651 5501111.26964 5087736.88447 2680787.33649 4667503.6196 5316117.25957 x 5156302.9608 5107229.56923 5307413.42495 5335415.89935 5253449.66702 5300684.51226 4789390.28846 5510202.23399 5458250.33709 5311299.72808 5254702.71445 5443302.84212 5420138.93041 5203575.29796 5539552.96144 2330824.42222 5186312.23378 2365073.33302 1971556.05051 5349848.34323 5076947.58501 5296802.7503 5420309.71294 5155438.60494 3442512.30407 5080540.73906 3663314.98382 5579439.97996 5514079.19493 5548012.98802 5342709.38161 5458395.31445 5508885.89753 5442670.74354 5517838.83445 4917800.98389
5627436.31282 6088969.17648 6034399.39764 6101968.24808 6028589.75069 5829404.54412 5964279.00078 6074770.09331 6024625.29476 5871425.01057 3204301.36161 5649507.25017 5839631.28469 5156302.9608 x 6037133.49475 5830927.45007 5896039.71603 5866519.90928 6071388.61233 5941424.48076 6033716.25911 6031434.34228 5834813.7532 6001997.33461 6007146.76887 6109578.38238 5831973.95617 6094031.58201 5822484.69721 5920937.42511 6106795.41465 5988675.36486 5873362.36835 6047973.83169 5820316.77542 5943823.73806 5902109.80877 6098485.69345 6009097.64123 5825133.63896 6102954.00508 5949112.10886 5938745.47 5866223.40673 5981909.33957 6032399.92265 5966184.76866 6041352.85957 8404003.10446
5579709.94461 6041242.80827 5986673.02943 6054241.87987 5980863.38248 5781678.17591 5916552.63257 6027043.7251 5976898.92655 5823698.64236 3156574.9934 5601780.88196 5791904.91648 5107229.56923 6037133.49475 x 5783201.08186 5848313.34782 5818793.54107 6023662.24412 5893698.11255 5985989.8909 5983707.97407 5787087.38499 5954270.9664 5959420.40066 6061852.01417 5784247.58796 6046305.2138 5774758.329 5873211.0569 6059069.04644 5940948.99665 5825636.00014 6048542.65059 5772590.40721 5896097.36985 5854383.44056 6050759.32524 5961371.27302 5777407.27075 6055227.63687 5910453.75061 5900087.11175 5818497.03852 5934182.97136 5984673.55444 5918458.40045 5993626.49136 8356276.73625
5373503.89993 5835036.76359 5780466.98475 5848035.83519 5774657.3378 5575472.13123 5710346.58789 5820837.68042 5770692.88187 5617492.59768 2950368.94872 5395574.83728 5585698.8718 5307413.42495 5830927.45007 5783201.08186 x 5642107.30314 5612587.49639 5817456.19944 5687492.06787 5779783.84622 5777501.92939 5580881.34031 5748064.92172 5753214.35598 5855645.96949 5578041.54328 5840099.16912 5568552.28432 5667005.01222 5852863.00176 5734742.95197 5619429.95546 5463106.21251 5566384.36253 5689891.32517 5648177.39588 5844553.28056 5755165.22834 5571201.22607 5849021.59219 5783660.80716 5817594.60025 5612290.99384 5727976.92668 5778467.50976 5712252.35577 5787420.44668 8150070.69157
5438616.16589 5900149.02955 5845579.25071 5913148.10115 5839769.60376 5640584.39719 5775458.85385 5885949.94638 5835805.14783 4345117.65858 3015481.21468 5460687.10324 5650811.13776 5335415.89935 5896039.71603 5848313.34782 5642107.30314 x 5677699.76235 5882568.4654 5752604.33383 5104835.55303 5842614.19535 5645993.60627 5813177.18768 5818326.62194 5920758.23545 5643153.80924 5905211.43508 5633664.55028 5732117.27818 5917975.26772 5799855.21793 5684542.22142 5907448.87187 5631496.62849 5755003.59113 5713289.66184 5909665.54652 5820277.4943 5636313.49203 5914133.85815 5848773.07312 5882706.86621 5677403.2598 5793089.19264 5843579.77572 5777364.62173 5852532.71264 7497854.09793
5409096.35914 5870629.2228 5816059.44396 5883628.2944 5810249.79701 5611064.59044 5745939.0471 5856430.13963 5806285.34108 5653085.05689 2985961.40793 5431167.29649 5621291.33101 5253449.66702 5866519.90928 5818793.54107 5612587.49639 5677699.76235 x 5853048.65865 5723084.52708 5815376.30543 5813094.3886 5616473.79952 5783657.38093 5788806.81519 5891238.4287 5613634.00249 5875691.62833 5604144.74353 5702597.47143 5888455.46097 5770335.41118 5655022.41467 5877929.06512 5601976.82174 5725483.78438 5683769.85509 5880145.73977 5790757.68755 5606793.68528 5884614.0514 5819253.26637 5853187.05946 5647883.45305 5763569.38589 5814059.96897 5747844.81498 5823012.90589 8185663.15078
5613965.06219 6075497.92585 6020928.14701 6088496.99745 6015118.50006 5815933.29349 5950807.75015 6061298.84268 6011154.04413 5857953.75994 3190830.11098 5636035.99954 5826160.03406 5300684.51226 6071388.61233 6023662.24412 5817456.19944 5882568.4654 5853048.65865 x 5927953.23013 6020245.00848 6017963.09165 5821342.50257 5988526.08398 5993675.51824 6096107.13175 5818502.70554 6080560.33138 5809013.44658 5907466.17448 6093324.16402 5975204.11423 5859891.11772 6082797.76817 5806845.52479 5930352.48743 5888638.55814 6085014.44282 5995626.3906 5811662.38833 6089482.75445 5938200.39584 6058055.76251 5852752.1561 5968438.08894 6018928.67202 5952713.51803 6027881.60894 8390531.85383
5484000.93062 5945533.79428 5890964.01544 5958532.86588 5885154.36849 5685969.16192 5820843.61858 5931334.71111 5881189.91256 5727989.62837 3060865.97941 5506071.86797 5696195.90249 4789390.28846 5941424.48076 5893698.11255 5687492.06787 5752604.33383 5723084.52708 5927953.23013 x 5890280.87691 5887998.96008 5691378.371 5858561.95241 5863711.38667 5966143.00018 5688538.57397 5950596.19981 5679049.31501 5777502.04291 5963360.03245 5845239.98266 5729926.98615 5924889.80273 5676881.39322 5800388.35586 5758674.42657 5955050.31125 5865662.25903 5681698.25676 5959518.62288 5894157.83785 5928091.63094 5722788.02453 5838473.95737 5888964.54045 5822749.38646 5897917.47737 8260567.72226
5576292.70897 6037825.57263 5983255.79379 6050824.64423 5977446.14684 5778260.94027 5913135.39693 6023626.48946 5973481.69091 3151559.85829 3153157.75776 5598363.64632 5788487.68084 5510202.23399 6033716.25911 5985989.8909 5779783.84622 5104835.55303 5815376.30543 6020245.00848 5890280.87691 x 5980290.73843 5783670.14935 5950853.73076 5956003.16502 6058434.77853 5780830.35232 6042887.97816 5771341.09336 5869793.82126 6055651.8108 5937531.76101 5822218.7645 6045125.41495 5769173.17157 5892680.13421 5850966.20492 6047342.0896 5957954.03738 5773990.03511 6051810.40123 5678881.08805 6020383.40929 5815079.80288 5930765.73572 5981256.3188 5915041.16481 5990209.25572 6304296.29764
5574010.79214 6035543.6558 5980973.87696 6048542.7274 5975164.23001 5775979.02344 5910853.4801 6021344.57263 5971199.77408 5817999.48989 3150875.84093 5596081.72949 5786205.76401 5458250.33709 6031434.34228 5983707.97407 5777501.92939 5842614.19535 5813094.3886 6017963.09165 5887998.96008 5980290.73843 x 5781388.23252 5948571.81393 5953721.24819 6056152.8617 5778548.43549 6040606.06133 5769059.17653 5867511.90443 6053369.89397 5935249.84418 5819936.84767 5640039.94849 5766891.25474 5890398.21738 5848684.28809 6045060.17277 5955672.12055 5771708.11828 6049528.4844 5905837.43711 6018101.49246 5812797.88605 5928483.81889 5978974.40197 5912759.24798 5987927.33889 8350577.58378
5377390.20306 5838923.06672 5784353.28788 5851922.13832 5778543.64093 5579358.43436 5714232.89102 5824723.98355 5774579.185 5621378.90081 2954255.25185 5399461.14041 5589585.17493 5311299.72808 5834813.7532 5787087.38499 5580881.34031 5645993.60627 5616473.79952 5821342.50257 5691378.371 5783670.14935 5781388.23252 x 5751951.22485 5757100.65911 5859532.27262 5581927.84641 5843985.47225 5572438.58745 5670891.31535 5856749.30489 5738629.2551 5623316.25859 5828940.14792 5570270.66566 5693777.6283 5652063.69901 5848439.58369 5759051.53147 5575087.5292 5852907.89532 5787547.11029 5821480.90338 5616177.29697 5731863.22981 5782353.81289 5716138.6589 5791306.74981 8153956.9947
5544573.78447 6006106.64813 5951536.86929 6019105.71973 5945727.22234 5746542.01577 5881416.47243 5991907.56496 5941762.76641 5788562.48222 3121438.83326 5566644.72182 5756768.75634 5254702.71445 6001997.33461 5954270.9664 5748064.92172 5813177.18768 5783657.38093 5988526.08398 5858561.95241 5950853.73076 5948571.81393 5751951.22485 x 5924284.24052 6026715.85403 5749111.42782 6011169.05366 5739622.16886 5838074.89676 6023932.8863 5905812.83651 5790499.84 5979405.3712 5737454.24707 5860961.20971 5819247.28042 6015623.1651 5926235.11288 5742271.11061 6020091.47673 5881993.4609 5988664.48479 5783360.87838 5899046.81122 5949537.3943 5883322.24031 5958490.33122 8321140.57611
5549723.21873 6011256.08239 5956686.30355 6024255.15399 5950876.6566 5751691.45003 5886565.90669 5997056.99922 5946912.20067 5793711.91648 3126588.26752 5571794.15608 5761918.1906 5443302.84212 6007146.76887 5959420.40066 5753214.35598 5818326.62194 5788806.81519 5993675.51824 5863711.38667 5956003.16502 5953721.24819 5757100.65911 5924284.24052 x 6031865.28829 5754260.86208 6016318.48792 5744771.60312 5843224.33102 6029082.32056 5910962.27077 5795649.27426 5057316.44895 5742603.68133 5866110.64397 5824396.71468 6020772.59936 5931384.54714 5747420.54487 6025240.91099 5959880.12596 4587424.748 4758817.63144 5828706.1383 5954686.82856 5431327.21858 5963639.76548 7582610.60669
5652154.83224 6113687.6959 6059117.91706 6126686.7675 6053308.27011 5628623.05749 5988997.5202 6099488.61273 6049343.81418 5896143.52999 3229019.88103 5674225.76959 5864349.80411 5420138.93041 6109578.38238 6061852.01417 5855645.96949 5920758.23545 5891238.4287 6096107.13175 5966143.00018 6058434.77853 6056152.8617 5859532.27262 6026715.85403 6031865.28829 x 5856692.47559 6118750.10143 5847203.21663 5945655.94453 6131513.93407 6013393.88428 5898080.88777 6120987.53822 5845035.29484 5968542.25748 5926828.32819 6123204.21287 6033816.16065 5849852.15838 6127672.5245 6062311.73947 5958767.47073 5890941.92615 6006627.85899 6057118.44207 5990903.28808 6066071.37899 8428721.62388
5374550.40603 5836083.26969 5781513.49085 5849082.34129 5731723.13618 5576518.63733 5711393.09399 5821884.18652 5771739.38797 5107198.23466 2951415.45482 5396621.34338 5586745.3779 5203575.29796 5831973.95617 5784247.58796 5578041.54328 5643153.80924 5613634.00249 5818502.70554 5688538.57397 5780830.35232 5778548.43549 5581927.84641 5749111.42782 5754260.86208 5856692.47559 x 5841145.67522 5569598.79042 5668051.51832 5853909.50786 5735789.45807 5620476.46156 5843383.11201 5567430.86863 5690937.83127 5649223.90198 5845599.78666 5756211.73444 5572247.73217 5850068.09829 4260724.92069 4892160.31076 5613337.49994 5102257.12769 5779514.01586 5713298.86187 5788466.95278 7255887.70926
5636608.03187 6098140.89553 6043571.11669 6111139.96713 6037761.46974 5838576.26317 5973450.71983 6083941.81236 6033797.01381 5880596.72962 3213473.08066 5658678.96922 5848803.00374 5539552.96144 6094031.58201 6046305.2138 5840099.16912 5905211.43508 5875691.62833 6080560.33138 5950596.19981 6042887.97816 6040606.06133 5843985.47225 6011169.05366 6016318.48792 6118750.10143 5841145.67522 x 5831656.41626 5930109.14416 6115967.1337 5997847.08391 5882534.0874 6105440.73785 5829488.49447 5952995.45711 5911281.52782 6107657.4125 6018269.36028 5834305.35801 6112125.72413 5956541.20129 5946174.56244 5875395.12578 5991081.05862 6041571.6417 5975356.48771 6050524.57862 8413174.82351
5365061.14707 4900077.59717 5772024.23189 5839593.08233 4942084.04466 5567029.37837 5701903.83503 5812394.92756 5762250.12901 5609049.84482 2941926.19586 5387132.08442 5577256.11894 2330824.42222 5822484.69721 5774758.329 5568552.28432 5633664.55028 5604144.74353 5809013.44658 5679049.31501 5771341.09336 5769059.17653 5572438.58745 5739622.16886 5744771.60312 5847203.21663 5569598.79042 5831656.41626 x 5658562.25936 4136304.52084 3742787.23833 5610987.2026 5833893.85305 5557941.60967 5681448.57231 5639734.64302 5213743.49189 5746722.47548 5434546.17164 5840578.83933 5775218.0543 5809151.84739 5603848.24098 5719534.17382 5770024.7569 5703809.60291 5778977.69382 6689032.17171
5463513.87497 5925046.73863 5870476.95979 5938045.81023 5864667.31284 5665482.10627 5800356.56293 5910847.65546 5860702.85691 5707502.57272 3040378.92376 5485584.81232 5675708.84684 5186312.23378 5920937.42511 5873211.0569 5667005.01222 5732117.27818 5702597.47143 5907466.17448 5777502.04291 5869793.82126 5867511.90443 5670891.31535 5838074.89676 5843224.33102 5945655.94453 5668051.51832 5930109.14416 5658562.25936 x 5942872.9768 5824752.92701 5709439.9305 5906451.45264 5656394.33757 5779901.30021 5738187.37092 5934563.2556 5845175.20338 5661211.20111 5939031.56723 5873670.7822 5907604.57529 5702300.96888 5817986.90172 5868477.4848 5802262.33081 5877430.42172 8240080.66661
5649371.86451 4934326.50797 6056334.94933 6123903.79977 4976332.95546 5851340.09581 5986214.55247 6096705.645 6046560.84645 5893360.56226 3226236.9133 5671442.80186 5861566.83638 2365073.33302 6106795.41465 6059069.04644 5852863.00176 5917975.26772 5888455.46097 6093324.16402 5963360.03245 6055651.8108 6053369.89397 5856749.30489 6023932.8863 6029082.32056 6131513.93407 5853909.50786 6115967.1337 4136304.52084 5942872.9768 x 3777036.14913 5895297.92004 6065741.62856 5842252.32711 5965759.28975 5924045.36046 5247992.40269 6031033.19292 5468795.08244 6124889.55677 5966879.90573 6093462.56483 5888158.95842 6003844.89126 6054335.47434 5988120.32035 6063288.41126 6723281.08251
5531251.81472 4540809.22546 5938214.89954 6005783.74998 4582815.67295 5733220.04602 5868094.50268 5978585.59521 5928440.79666 5775240.51247 3108116.86351 5553322.75207 5743446.78659 1971556.05051 5988675.36486 5940948.99665 5734742.95197 5799855.21793 5770335.41118 5975204.11423 5845239.98266 5937531.76101 5935249.84418 5738629.2551 5905812.83651 5910962.27077 6013393.88428 5735789.45807 5997847.08391 3742787.23833 5824752.92701 3777036.14913 x 5777177.87025 6000084.5207 5724132.27732 5847639.23996 5805925.31067 4854475.12018 5912913.14313 5634870.03433 6006769.50698 5941408.72195 5975342.51504 5770038.90863 5885724.84147 5936215.42455 5870000.27056 5945168.36147 6889356.0344
5415938.81821 5877471.68187 5822901.90303 5890470.75347 5817092.25608 5617907.04951 5752781.50617 5863272.5987 5813127.80015 5659927.51596 2992803.867 5438009.75556 5628133.79008 5349848.34323 5873362.36835 5825636.00014 5619429.95546 5684542.22142 5655022.41467 5859891.11772 5729926.98615 5822218.7645 5819936.84767 5623316.25859 5790499.84 5795649.27426 5898080.88777 5620476.46156 5882534.0874 5610987.2026 5709439.9305 5895297.92004 5777177.87025 x 5863633.90156 5608819.28081 5732326.24345 5690612.31416 5886988.19884 5797600.14662 5613636.14435 5891456.51047 5826095.72544 5860029.51853 5654725.91212 5770411.84496 5820902.42804 5754687.27405 5829855.36496 8192505.60985
5291514.73938 6100378.33232 6007100.85478 6069379.19332 5777171.47232 5840813.69996 3108121.77802 6086179.24915 6036034.4506 5882834.16641 3215710.51745 5160673.50091 5833275.92627 5076947.58501 6047973.83169 6048542.65059 5463106.21251 5907448.87187 5877929.06512 6082797.76817 5924889.80273 6045125.41495 5640039.94849 5828940.14792 5979405.3712 5057316.44895 6120987.53822 5843383.11201 6105440.73785 5833893.85305 5906451.45264 6065741.62856 6000084.5207 5863633.90156 x 5831725.93126 5955232.8939 5913518.96461 6059010.75439 5986606.43208 5836542.7948 4400907.13289 4453273.07838 2447659.52279 2626004.68522 3695893.19208 6043809.07849 3291561.99337 4877720.47608 5449797.66047
5362893.22528 5824426.08894 5769856.3101 5837425.16054 5764046.66315 5564861.45658 5699735.91324 5810227.00577 5760082.20722 5606881.92303 2939758.27407 5384964.16263 5575088.19715 5296802.7503 5820316.77542 5772590.40721 5566384.36253 5631496.62849 5601976.82174 5806845.52479 5676881.39322 5769173.17157 5766891.25474 5570270.66566 5737454.24707 5742603.68133 5845035.29484 5567430.86863 5829488.49447 5557941.60967 5656394.33757 5842252.32711 5724132.27732 5608819.28081 5831725.93126 x 5679280.65052 5637566.72123 5833942.60591 5744554.55369 5560590.55142 5838410.91754 5773050.13251 5806983.9256 5601680.31919 5717366.25203 5767856.83511 5701641.68112 5776809.77203 8139460.01692
5486400.18792 5947933.05158 5893363.27274 5960932.12318 5887553.62579 5688368.41922 5823242.87588 5933733.96841 5883589.16986 5730388.88567 3063265.23671 5508471.12527 5698595.15979 5420309.71294 5943823.73806 5896097.36985 5689891.32517 5755003.59113 5725483.78438 5930352.48743 5800388.35586 5892680.13421 5890398.21738 5693777.6283 5860961.20971 5866110.64397 5968542.25748 5690937.83127 5952995.45711 5681448.57231 5779901.30021 5965759.28975 5847639.23996 5732326.24345 5955232.8939 5679280.65052 x 5761073.68387 5957449.56855 5868061.51633 5684097.51406 5961917.88018 5896557.09515 5930490.88824 5725187.28183 5840873.21467 5891363.79775 5825148.64376 5900316.73467 8262966.97956
5444686.25863 5906219.12229 5851649.34345 5919218.19389 5845839.6965 5646654.48993 5781528.94659 5892020.03912 5841875.24057 5688674.95638 3021551.30742 5466757.19598 5656881.2305 5155438.60494 5902109.80877 5854383.44056 5648177.39588 5713289.66184 5683769.85509 5888638.55814 5758674.42657 5850966.20492 5848684.28809 5652063.69901 5819247.28042 5824396.71468 5926828.32819 5649223.90198 5911281.52782 5639734.64302 5738187.37092 5924045.36046 5805925.31067 5690612.31416 5913518.96461 5637566.72123 5761073.68387 x 5915735.63926 5826347.58704 5642383.58477 5920203.95089 5854843.16586 5888776.95895 5683473.35254 5799159.28538 5849649.86846 5783434.71447 5858602.80538 8221253.05027
5641062.14331 6011765.47902 6048025.22813 6115594.07857 6042215.58118 5843030.37461 5977904.83127 6088395.9238 6038251.12525 5885050.84106 3217927.1921 5663133.08066 5853257.11518 3442512.30407 6098485.69345 6050759.32524 5844553.28056 5909665.54652 5880145.73977 6085014.44282 5955050.31125 6047342.0896 6045060.17277 5848439.58369 6015623.1651 6020772.59936 6123204.21287 5845599.78666 6107657.4125 5213743.49189 5934563.2556 5247992.40269 4854475.12018 5886988.19884 6059010.75439 5833942.60591 5957449.56855 5915735.63926 x 6022723.47172 5838759.46945 6116579.83557 5960149.03156 6085152.84363 5879849.23722 5995535.17006 6046025.75314 5979810.59915 6054978.69006 8360312.28796
5551674.09109 6013206.95475 5958637.17591 6026206.02635 5952827.52896 5753642.32239 5888516.77905 5999007.87158 5948863.07303 5795662.78884 3128539.13988 5573745.02844 5763869.06296 5080540.73906 6009097.64123 5961371.27302 5755165.22834 5820277.4943 5790757.68755 5995626.3906 5865662.25903 5957954.03738 5955672.12055 5759051.53147 5926235.11288 5931384.54714 6033816.16065 5756211.73444 6018269.36028 5746722.47548 5845175.20338 6031033.19292 5912913.14313 5797600.14662 5986606.43208 5744554.55369 5868061.51633 5826347.58704 6022723.47172 x 5749371.41723 6027191.78335 5887744.70925 5877378.0704 5790461.185 5906147.11784 5956637.70092 5890422.54693 5965590.63784 8328240.88273
5169670.74315 3408642.52655 5774673.17364 5412029.68488 3450648.97404 5569678.32012 5367301.41866 5748283.63371 5764899.07076 5367533.00167 2944575.13761 4947299.7368 5579905.06069 3663314.98382 5825133.63896 5777407.27075 5571201.22607 5636313.49203 5606793.68528 5811662.38833 5681698.25676 5773990.03511 5771708.11828 5575087.5292 5742271.11061 5747420.54487 5849852.15838 5572247.73217 5834305.35801 5434546.17164 5661211.20111 5468795.08244 5634870.03433 5613636.14435 5836542.7948 5560590.55142 5684097.51406 5642383.58477 5838759.46945 5749371.41723 x 5843227.78108 5777866.99605 5679065.08306 5606497.18273 5722183.11557 5772673.69865 5706458.54466 5781626.63557 6760550.15351
5645530.45494 6107063.3186 6052493.53976 6120062.3902 6046683.89281 5847498.68624 5960268.54961 6092864.23543 6042719.43688 5889519.15269 3222395.50373 5667601.39229 5857725.42681 5579439.97996 6102954.00508 6055227.63687 5849021.59219 5914133.85815 5884614.0514 6089482.75445 5959518.62288 6051810.40123 6049528.4844 5852907.89532 6020091.47673 6025240.91099 6127672.5245 5850068.09829 6112125.72413 5840578.83933 5939031.56723 6124889.55677 6006769.50698 5891456.51047 4400907.13289 5838410.91754 5961917.88018 5920203.95089 6116579.83557 6027191.78335 5843227.78108 x 5555324.4808 3858081.06349 4029473.94693 5099362.45379 6050494.06477 4701983.53407 6059447.00169 6853266.92218
5580169.66991 6041702.53357 5987132.75473 5962969.9008 3154063.62949 5782137.90121 5917012.35787 6027503.4504 5900322.10861 4995134.98305 3157034.7187 5402966.58389 5792364.64178 5514079.19493 5949112.10886 5910453.75061 5783660.80716 5848773.07312 5819253.26637 5938200.39584 5894157.83785 5678881.08805 5905837.43711 5787547.11029 5881993.4609 5959880.12596 6062311.73947 4260724.92069 5956541.20129 5775218.0543 5873670.7822 5966879.90573 5941408.72195 5826095.72544 4453273.07838 5773050.13251 5896557.09515 5854843.16586 5960149.03156 5887744.70925 5777866.99605 5555324.4808 x 2314500.80407 3840483.7865 3787468.40114 5985133.27974 3158403.27465 4744561.75736 5343597.38573
4548114.13775 5942074.01395 5897872.49309 5952603.26195 3785499.01956 5816071.6943 4007020.93951 5930572.75659 6011292.44494 5626570.37312 3190968.51179 4393867.64029 5826298.43487 5548012.98802 5938745.47 5900087.11175 5817594.60025 5882706.86621 5853187.05946 6058055.76251 5928091.63094 6020383.40929 6018101.49246 5821480.90338 5988664.48479 4587424.748 5958767.47073 4892160.31076 5946174.56244 5809151.84739 5907604.57529 6093462.56483 5975342.51504 5860029.51853 2447659.52279 5806983.9256 5930490.88824 5888776.95895 6085152.84363 5877378.0704 5679065.08306 3858081.06349 2314500.80407 x 1859198.8246 2929087.33146 5896252.91835 2874494.17862 4443513.37299 4682991.79985
4702367.73285 5870332.72025 5815762.94141 5883331.79185 5181758.49514 5610768.08789 3882501.45867 5856133.63708 5805988.83853 5652788.55434 2985664.90538 4565260.52373 5620994.82846 5342709.38161 5866223.40673 5818497.03852 5612290.99384 5677403.2598 5647883.45305 5852752.1561 5722788.02453 5815079.80288 5812797.88605 5616177.29697 5783360.87838 4758817.63144 5890941.92615 5613337.49994 5875395.12578 5603848.24098 5702300.96888 5888158.95842 5770038.90863 5654725.91212 2626004.68522 5601680.31919 5725187.28183 5683473.35254 5879849.23722 5790461.185 5606497.18273 4029473.94693 3840483.7865 1859198.8246 x 3100480.2149 5813763.46642 4440479.9148 5822716.40334 6039959.12299
5524485.78943 5986018.65309 5931448.87425 5999017.72469 3995595.83649 5726454.02073 5332692.67687 5971819.56992 5921674.77137 5768474.48718 3101350.83822 5546556.72678 5736680.7613 5458395.31445 5981909.33957 5934182.97136 5727976.92668 5793089.19264 5763569.38589 5968438.08894 5838473.95737 5930765.73572 5928483.81889 5731863.22981 5899046.81122 5828706.1383 6006627.85899 5102257.12769 5991081.05862 5719534.17382 5817986.90172 6003844.89126 5885724.84147 5770411.84496 3695893.19208 5717366.25203 5840873.21467 5799159.28538 5995535.17006 5906147.11784 5722183.11557 5099362.45379 3787468.40114 2929087.33146 3100480.2149 x 5929449.39926 5611898.05706 5938402.33618 7305497.01596
5574976.37251 6036509.23617 5981939.45733 6049508.30777 5976129.81038 5776944.60381 5911819.06047 6022310.153 5972165.35445 5818965.07026 3151841.4213 5597047.30986 5787171.34438 5508885.89753 6032399.92265 5984673.55444 5778467.50976 5843579.77572 5814059.96897 6018928.67202 5888964.54045 5981256.3188 5978974.40197 5782353.81289 5949537.3943 5954686.82856 6057118.44207 5779514.01586 6041571.6417 5770024.7569 5868477.4848 6054335.47434 5936215.42455 5820902.42804 6043809.07849 5767856.83511 5891363.79775 5849649.86846 6046025.75314 5956637.70092 5772673.69865 6050494.06477 5985133.27974 5896252.91835 5813763.46642 5929449.39926 x 5913724.82835 5988892.91926 8351543.16415
3974217.55087 5970294.08218 5915724.30334 5983293.15378 4629401.49014 5710729.44982 4718830.10922 5956094.99901 5905950.20046 5752749.91627 3085626.26731 3944404.74412 5720956.19039 5442670.74354 5966184.76866 5918458.40045 5712252.35577 5777364.62173 5747844.81498 5952713.51803 5822749.38646 5915041.16481 5912759.24798 5716138.6589 5883322.24031 5431327.21858 5990903.28808 5713298.86187 5975356.48771 5703809.60291 5802262.33081 5988120.32035 5870000.27056 5754687.27405 3291561.99337 5701641.68112 5825148.64376 5783434.71447 5979810.59915 5890422.54693 5706458.54466 4701983.53407 3158403.27465 2874494.17862 4440479.9148 5611898.05706 5913724.82835 x 5922677.76527 6882965.29247
5583929.30943 6045462.17309 5990892.39425 6058461.24469 5985082.7473 5785897.54073 5920771.99739 6031263.08992 5981118.29137 5827918.00718 3160794.35822 5606000.24678 5796124.2813 5517838.83445 6041352.85957 5993626.49136 5787420.44668 5852532.71264 5823012.90589 6027881.60894 5897917.47737 5990209.25572 5987927.33889 5791306.74981 5958490.33122 5963639.76548 6066071.37899 5788466.95278 6050524.57862 5778977.69382 5877430.42172 6063288.41126 5945168.36147 5829855.36496 4877720.47608 5776809.77203 5900316.73467 5858602.80538 6054978.69006 5965590.63784 5781626.63557 6059447.00169 4744561.75736 4443513.37299 5822716.40334 5938402.33618 5988892.91926 5922677.76527 x 8360496.10107
2908748.7416 3370281.60526 3315711.82642 3383280.67686 3309902.17947 3110716.9729 3245591.42956 3356082.52209 3305937.72354 3152737.43935 5199702.74285 6868159.0813 7835032.66593 4917800.98389 8404003.10446 8356276.73625 8150070.69157 7497854.09793 8185663.15078 8390531.85383 8260567.72226 6304296.29764 8350577.58378 8153956.9947 8321140.57611 7582610.60669 8428721.62388 7255887.70926 8413174.82351 6689032.17171 8240080.66661 6723281.08251 6889356.0344 8192505.60985 5449797.66047 8139460.01692 8262966.97956 8221253.05027 8360312.28796 8328240.88273 6760550.15351 6853266.92218 5343597.38573 4682991.79985 6039959.12299 7305497.01596 8351543.16415 6882965.29247 8360496.10107 x
