100
50
1 2 3 4 5 6 7 8 9 10 11 12 13 14 15 16 17 18 19 20 21 22 23 24 25 26 27 28 29 30 31 32 33 34 35 36 37 38 39 40 41 42 43 44 45 46 47 48 49 50 51 52 53 54 55 56 57 58 59 60 61 62 63 64 65 66 67 68 69 70 71 72 73 74 75 76 77 78 79 80 81 82 83 84 85 86 87 88 89 90 91 92 93 94 95 96 97 98 99 100
10 1 9 59 41 8 58 77 56 43 75 95 50 39 67 76 81 28 54 21 78 3 31 88 69 79 62 32 25 11 20 13 44 70 61 29 23 48 63 37 26 14 35 91 24 40 12 90 68 42
85
x 3.81265 3.25672 3.48115 3.33821 3.3203 3.20602 3.47103 3.44952 3.40902 3.48983 3.37414 1.88679 3.42023 3.27513 3.47558 4.01346 2.20711 3.39748 3.45746 2.9349 3.46371 3.60436 2.38031 3.20619 3.30422 3.19992 3.31056 3.75182 2.96461 3.31863 3.33788 2.36288 3.44714 3.23261 3.60338 3.00667 2.79113 3.41794 3.39912 3.40865 3.30547 3.95194 1.88722 3.21506 3.21014 3.3957 3.51274 3.54212 3.3369 2.81177 3.38463 3.23789 3.44489 2.09578 3.19405 2.09902 3.5619 3.19767 3.40908 3.24792 3.3234 3.37885 3.23624 3.48955 3.34032 3.08589 2.25949 4.90165 3.73307 1.79083 3.19518 3.93367 3.20025 3.23959 3.55347 2.73286 3.39306 3.51314 2.15371 3.49478 3.25166 3.49247 3.27809 2.52888 3.55199 3.51267 3.53925 2.47594 3.24656 3.33623 3.55378 2.09624 3.38421 3.49576 3.53132 0.87161 3.44842 3.33093 3.44697
3.81265 x 3.46575 3.10451 2.95953 3.82954 3.70374 3.89075 3.82222 3.66604 3.66969 3.49456 2.49936 3.21351 3.63777 3.63886 4.47911 2.8931 3.76178 3.64102 3.46045 3.4604 2.77961 2.12019 3.56883 3.72936 3.61102 3.38539 3.90732 2.99114 3.40943 3.60061 1.63706 3.25254 3.67436 3.3737 2.65855 3.39722 3.78582 3.59824 3.48198 3.66758 3.13088 2.2861 3.57771 3.81973 2.83661 2.82451 3.42262 2.94342 2.83565 3.56414 1.87622 3.70136 3.00248 3.95187 3.7222 2.98813 3.90139 3.78271 3.61057 3.67023 3.38872 3.83353 3.53984 3.14008 3.10738 2.00299 2.13712 3.72839 2.19377 3.6034 3.53174 3.51062 0.58229 3.71705 3.72811 3.9172 3.76939 2.70526 3.65183 3.82584 2.85856 3.06716 3.12017 2.93538 3.27269 3.69538 1.79015 3.59942 3.70176 3.70828 3.69418 3.09008 3.39502 3.9005 3.65076 3.90393 3.36381 3.62648
3.25672 3.46575 x 3.51437 3.17053 3.47194 3.43018 3.54284 2.85269 3.25911 1.25147 3.42708 2.11095 3.15174 3.31556 3.31702 3.875 2.1744 3.4385 3.31848 2.97592 3.3846 3.10376 2.43371 3.23942 3.44127 3.23315 3.34748 3.83711 2.81093 3.35555 3.58419 2.21377 3.29722 3.26584 3.01375 3.04992 2.5531 3.41956 3.24921 3.44967 3.34238 3.9225 1.92824 3.43922 3.24337 3.14815 3.03094 3.56594 3.16508 2.96367 3.23472 3.27112 3.28771 2.29447 3.41821 3.48919 3.02332 3.45952 3.2676 3.28115 3.57247 3.24039 3.26947 3.32298 3.19041 3.2226 2.30755 4.82176 4.11062 1.82775 3.22841 3.90423 3.42441 3.10539 3.02838 3.55547 3.44412 3.53375 2.14481 3.32821 3.28489 3.30616 3.31501 2.34524 3.28153 3.06603 3.59645 2.28964 3.27979 3.58529 3.48424 3.45028 3.23429 3.34931 3.36475 3.51228 3.48151 2.18663 3.48799
3.48115 3.10451 3.51437 x 3.12663 3.30813 3.46367 3.18326 3.52403 3.28623 3.37441 3.26327 1.80125 3.02875 3.16813 3.16959 3.54956 2.12681 3.47199 3.17105 2.81211 3.41474 3.19594 2.32603 3.46384 3.1937 3.26028 3.20005 3.41192 2.90871 3.38569 3.40218 2.79446 3.32435 3.49026 3.16841 3.2163 2.48801 3.10394 3.47363 3.28586 3.19496 4.09775 1.76443 3.47271 3.46779 3.50007 3.1139 3.40569 3.24804 2.76146 3.45914 3.49555 3.31484 2.24159 3.4517 3.3336 3.34005 3.45532 3.49203 3.30827 3.21289 3.26751 3.49389 3.17555 3.21754 3.04061 2.45425 4.19351 3.79382 1.85789 3.45283 4.19288 3.4579 2.86716 3.23947 3.37346 3.47761 3.37671 2.10198 3.35835 3.31202 3.00895 3.34515 2.45661 3.34483 3.09045 3.23688 2.63409 3.50421 3.22572 3.32043 3.48377 3.45872 3.37945 3.21732 3.35739 3.3177 3.21835 3.32419
3.33821 2.95953 3.17053 3.12663 x 2.64693 3.19843 3.03757 3.17335 3.22846 3.04979 3.23484 1.90729 2.38261 3.21141 2.72739 3.69657 1.84844 3.33493 3.43465 2.77226 2.939 0.27809 1.54156 3.11316 2.73093 2.66929 2.80859 3.24024 2.20579 3.03702 3.33904 1.79028 1.00117 3.32487 2.56546 2.5056 2.26255 2.89192 2.43266 3.1325 2.3591 2.98108 1.91253 3.14669 3.51822 0.46021 0.48784 1.38857 0.66327 2.12883 3.34336 3.58047 3.37416 1.93229 3.19566 3.32835 0.30024 2.97618 2.6634 2.82154 3.42499 1.2363 3.15346 3.30388 2.59467 2.59979 1.42435 3.5044 3.0665 1.81361 3.19483 3.04523 2.50946 2.90327 3.65233 3.30856 3.23908 3.62892 2.00657 2.05431 1.63085 0.21665 2.38953 2.07546 0.65497 2.66668 3.33833 1.63719 3.52901 3.57842 2.36763 3.17968 0.83871 2.05877 2.82365 3.20727 3.18506 3.20718 2.84021
3.3203 3.82954 3.47194 3.30813 2.64693 x 3.40934 3.50507 3.4795 2.83494 3.23226 3.40112 1.91107 3.06258 3.29941 0.21364 3.39529 1.9885 3.32859 3.30854 2.73251 3.28686 2.75818 2.79495 1.68593 3.23679 3.41304 3.33754 3.2714 3.18911 3.34562 3.36217 2.61799 3.34501 3.44573 3.21403 1.59649 2.33599 3.2583 3.4291 3.33864 3.23791 3.89236 1.9172 3.23934 3.32481 2.77423 3.01284 3.32934 3.14698 3.04548 3.31702 3.17291 3.35633 1.89903 3.40717 3.40307 2.64466 3.48791 3.44749 3.46104 3.25406 3.40286 3.26052 3.22045 3.3703 2.99307 2.67774 3.81684 3.65623 1.81781 3.31134 4.01855 3.29705 3.35788 3.1162 3.23876 3.24424 3.0799 1.9775 3.06337 3.36218 2.57722 3.38275 2.29711 2.93198 3.54598 3.3758 2.4649 3.17783 3.2656 3.58632 3.43924 3.3241 3.33937 3.35481 3.49578 3.46159 3.26595 3.4688
3.20602 3.70374 3.43018 3.46367 3.19843 3.40934 x 3.27435 3.42794 3.2084 3.48687 3.36448 1.86931 3.10103 3.45815 3.26068 3.64065 2.28742 3.3759 3.46108 2.91332 3.52019 3.45234 2.29938 3.18871 3.28479 3.36148 3.29114 3.72784 2.85198 3.49815 3.3157 2.28293 3.42555 3.39417 3.2595 3.26192 2.82377 3.30578 3.1985 3.38707 3.28604 4.27621 1.86564 3.37662 3.19266 3.40398 3.34466 3.31921 3.4788 3.00929 3.18401 3.22042 3.41604 2.16805 2.89454 3.25577 3.25357 3.18019 3.2169 3.40948 3.30398 3.18968 3.3978 3.26664 3.31874 3.26366 2.42464 4.50809 3.46351 1.77141 3.35674 3.8255 3.36181 3.16763 3.33056 3.28698 3.20248 3.29023 2.44555 3.4708 3.41322 3.39704 3.4576 2.60116 3.25835 3.4887 3.5269 2.36649 3.22908 3.31681 3.2426 3.20864 3.18359 3.4919 3.50735 3.46984 3.23986 3.49249 3.24635
3.47103 3.89075 3.54284 3.18326 3.03757 3.50507 3.27435 x 3.53403 3.29433 3.37549 1.71554 1.98782 3.18696 3.17542 3.34684 3.55685 2.10131 3.48199 3.17834 2.82021 3.24446 3.20981 2.42484 3.27454 3.20099 3.46757 3.27857 3.41921 2.1713 2.83189 3.42087 2.39894 3.33245 3.50026 3.37086 3.04273 2.68533 3.11123 3.48363 3.29396 3.20225 3.85672 1.77253 3.28351 3.45821 3.35913 3.30251 3.23541 3.47452 2.31493 3.44795 3.08118 3.32821 2.21326 3.4617 3.5655 3.21321 3.44436 3.50268 3.49765 3.22018 3.47481 3.50389 3.36212 3.57325 1.88658 2.29956 4.85787 4.02203 1.86689 3.46283 3.83845 1.60753 3.53039 3.42604 3.20318 3.28984 3.38571 2.29173 3.09917 2.64891 3.15843 1.89023 2.47747 3.51596 3.37859 3.43603 2.52048 3.51421 3.23301 3.32853 3.29458 3.47726 3.20917 3.40712 3.36558 3.51688 3.22564 1.39272
3.44952 3.82222 2.85269 3.52403 3.17335 3.4795 3.42794 3.53403 x 3.26876 3.69374 3.42412 2.12287 3.16139 3.51327 3.32383 3.71985 2.48306 3.43822 3.32126 2.79464 3.60798 3.1063 2.30753 3.24907 3.35186 3.436 3.47747 3.39619 2.99819 3.36628 3.59074 2.28953 3.50007 3.46078 3.02243 3.27096 2.15736 3.47676 3.43629 3.26839 3.56778 4.20029 1.94016 3.25795 3.25302 3.15684 3.15992 3.38628 3.31609 2.84199 3.24437 3.4673 3.48778 2.59244 3.23693 3.31613 3.03115 3.1645 3.27726 3.29081 3.57466 3.25004 3.46525 3.33371 3.21142 3.17175 2.43369 4.78373 4.1602 1.83848 3.23807 4.10617 3.24313 3.33198 3.39763 3.55136 3.44516 3.35247 2.29522 3.51591 3.29455 3.3093 3.3174 2.08923 3.29119 3.35195 3.5869 2.37382 3.478 3.59227 3.30296 3.44757 3.43715 3.55955 3.56274 3.52931 3.30023 3.58215 3.48946
3.40902 3.66604 3.25911 3.28623 3.22846 2.83494 3.2084 3.29433 3.26876 x 3.30943 3.20531 1.88917 3.38296 3.27751 2.93629 3.87235 2.17145 3.21673 3.47678 2.93784 3.35423 3.30909 2.97945 3.20857 3.51097 3.38601 3.49642 3.52508 2.99537 3.52539 3.55024 3.14151 3.45008 3.235 3.56197 3.55082 3.05126 3.20619 3.40206 3.40188 3.51222 3.91984 1.89016 3.39027 3.39253 3.24481 3.21574 3.34128 3.39744 2.83946 3.37519 3.4268 3.25687 2.29119 3.19643 3.47044 3.11032 3.20006 3.42245 3.45233 3.51227 3.20954 3.4138 3.28871 3.15957 3.11081 2.89525 4.75232 3.87983 1.79348 3.19757 3.90157 3.37381 3.49109 3.35263 3.30836 3.40465 3.49132 2.3593 3.47527 3.43775 3.42844 3.2769 2.7742 3.1151 3.03827 3.56708 2.98045 3.4375 3.55177 3.26246 3.41221 3.20345 3.31501 3.51587 3.2905 3.45081 3.33331 3.44446
3.48983 3.66969 1.25147 3.37441 3.04979 3.23226 3.48687 3.37549 3.69374 3.30943 x 3.2845 1.82212 3.04754 3.35867 3.37776 3.75291 2.21828 3.50063 3.19192 3.03805 3.44997 3.21681 2.4557 3.4871 3.21457 3.48621 3.4034 3.61526 2.89273 3.22899 3.43445 2.66783 3.34754 3.5189 3.18928 3.06773 2.61204 3.30728 3.50227 3.5118 3.21583 4.19938 1.78762 3.50135 3.29368 3.32597 3.37899 3.24899 3.5595 2.74708 3.48778 3.32336 3.34179 2.10583 3.48034 3.57908 3.18336 3.28122 3.31792 3.53421 3.41624 3.49345 3.31978 3.19642 3.24073 3.02767 2.32734 4.47713 3.84851 1.88366 3.27873 4.18111 3.464 3.19469 2.1134 3.39924 3.48219 3.22001 2.16275 3.38413 3.53795 3.17201 3.37092 2.59443 3.18814 3.11132 3.25775 2.55133 3.53285 3.24659 3.54637 3.51241 3.39032 3.40522 3.23819 3.20069 3.53197 3.09429 3.34738
3.37414 3.49456 3.42708 3.26327 3.23484 3.40112 3.36448 1.71554 3.42412 3.20531 3.2845 x 1.8889 3.31411 3.43151 3.25328 3.63721 2.24451 3.37208 3.2587 2.9095 3.54452 3.31618 2.25352 3.3647 3.28136 3.35767 3.64694 3.49957 2.91942 3.4939 3.50123 2.24578 3.24342 3.21204 3.15988 2.9611 2.63565 3.19159 3.19541 3.38325 3.28261 3.9856 1.86182 3.23865 3.36788 3.32555 3.4207 3.49952 3.60585 2.7711 2.11551 3.40385 3.40857 2.12944 3.35179 3.44748 3.18157 3.35542 3.2138 3.40566 3.30054 3.18659 3.55985 3.46133 3.31493 3.24191 2.37368 4.69953 4.08363 1.76797 3.35292 3.8872 2.99076 3.48202 3.32712 3.48167 3.3702 3.48492 2.184 3.46656 3.23109 3.38531 3.43422 2.62066 3.50083 3.48445 3.51639 2.32521 3.16015 3.31337 3.41782 3.20555 3.18049 3.47036 3.30497 3.26754 3.23677 3.4935 2.79743
1.88679 2.49936 2.11095 1.80125 1.90729 1.91107 1.86931 1.98782 2.12287 1.88917 1.82212 1.8889 x 1.7915 1.7934 1.99034 2.40628 1.90581 1.90159 1.94167 1.38761 2.05438 1.82121 1.48812 1.86948 1.81898 1.88557 1.82533 2.26863 1.78994 1.8334 1.84989 1.64902 1.92729 1.8959 1.79369 1.84158 1.83173 1.89765 1.87927 1.8888 1.82023 3.95958 0.23696 1.87835 1.89692 2.0933 1.90284 2.04319 1.88799 1.75457 1.86478 1.92776 2.10819 1.85938 1.87904 2.13134 1.98678 1.86097 1.92385 1.93891 1.83817 1.87045 1.92592 1.94667 1.83622 1.82278 1.61033 3.15247 2.73746 0.3056 1.85847 3.09945 1.88593 1.9753 1.86475 2.00341 1.88325 1.82442 1.90308 1.98475 2.10471 1.91155 1.79285 1.95821 1.93934 1.82395 2.05402 1.66214 1.90985 1.85099 2.1151 1.88941 1.86436 2.01079 1.8426 1.95141 2.11172 2.03113 1.92712
3.42023 3.21351 3.15174 3.02875 2.38261 3.06258 3.10103 3.18696 3.16139 3.38296 3.04754 3.31411 1.7915 x 3.04322 3.18923 3.41682 2.09171 3.10936 3.17339 2.70052 3.01539 2.39463 2.54001 3.41333 3.52439 2.92452 0.73804 3.31149 2.16473 3.05769 3.44287 2.78873 3.10418 3.31291 0.19687 3.30783 2.64919 2.96393 2.91095 3.12053 3.18882 3.52527 1.75761 2.89247 3.28516 2.62797 2.46065 3.07569 2.63609 2.09188 3.36739 3.24352 3.46372 2.20259 3.24762 3.40169 2.4984 3.39823 3.39255 3.17026 3.21988 3.06366 3.13125 3.02837 2.93718 2.65236 2.4228 4.08098 3.70352 1.67418 1.28524 3.64508 2.49603 3.02682 3.02949 1.63218 3.11497 3.37601 2.28106 1.56539 2.36001 2.43069 2.05258 2.6357 2.78573 3.04918 3.45971 2.63564 3.4322 2.61346 3.15509 2.47842 2.21134 0.98858 3.14128 3.18313 3.44521 3.56468 3.15885
3.27513 3.63777 3.31556 3.16813 3.21141 3.29941 3.45815 3.17542 3.51327 3.27751 3.35867 3.43151 1.7934 3.04322 x 3.16174 3.59654 2.23948 3.26597 3.1632 2.80339 3.42125 3.29014 2.89385 3.2594 3.18586 3.44681 3.1922 3.40407 2.81577 3.37601 3.21676 2.918 3.31563 3.28424 3.18449 3.38419 2.79695 3.09609 3.46287 3.27714 3.18711 3.98107 1.75571 3.46195 3.26177 3.60057 3.39176 3.22027 3.57369 2.96905 3.25312 3.50189 3.48864 2.12491 3.24568 3.33391 3.42958 3.44456 3.28601 3.29955 3.38078 3.25879 3.28787 3.1677 3.20881 3.22745 2.87629 4.57771 4.18292 1.8482 3.44207 4.20467 3.25188 3.16598 3.23162 3.36378 3.45044 3.36703 2.39761 3.34867 3.3033 3.36187 3.33546 2.79988 3.43291 3.36656 3.22903 2.8015 3.49345 3.3936 3.31171 3.27775 3.54956 3.36976 3.20947 3.17197 3.47691 3.2105 3.51072
3.47558 3.63886 3.31702 3.16959 2.72739 0.21364 3.26068 3.34684 3.32383 2.93629 3.37776 3.25328 1.99034 3.18923 3.16174 x 3.5589 1.99581 3.48479 3.16996 2.82248 3.43843 2.851 2.60267 1.65962 3.38279 3.26401 3.19606 3.42125 2.99683 3.20333 3.21823 2.42572 3.50304 3.29343 3.3575 1.56024 2.3819 3.45057 3.27847 3.49596 3.38404 3.6954 1.7748 3.10768 3.48059 2.86884 2.90383 3.48563 3.02456 2.84077 3.47194 3.31182 3.51562 2.09604 3.25873 3.56755 2.72487 3.31486 3.29502 3.30721 3.40198 3.56732 3.12674 3.36464 3.22555 3.11199 2.48547 4.02729 3.84884 1.86941 3.46563 3.80897 3.44975 3.18316 3.2488 3.38498 3.11209 3.20847 1.98408 3.19011 3.52211 2.51177 3.17691 2.33871 3.04412 3.38366 3.2305 2.27263 3.31728 3.41481 3.41996 3.28759 3.4798 3.19771 3.21161 3.33848 3.30771 3.41519 3.66541
4.01346 4.47911 3.875 3.54956 3.69657 3.39529 3.64065 3.55685 3.71985 3.87235 3.75291 3.63721 2.40628 3.41682 3.59654 3.5589 x 2.13116 3.66204 3.73319 1.13185 1.4917 3.49507 3.29882 3.65297 3.46875 3.09102 3.88488 1.89968 2.73074 3.59384 3.61033 3.15486 3.89645 3.88821 3.5996 3.79188 2.53364 3.37632 3.65172 3.85072 2.78083 4.11373 2.19301 3.65071 3.85737 3.42741 3.61946 3.98834 3.43295 2.87457 3.64775 3.68821 4.02584 2.24643 3.85879 3.54002 3.59713 3.53339 3.68429 3.59293 3.78483 3.28929 3.50672 3.73874 3.4097 3.14241 3.21461 4.96143 4.24548 2.28534 3.62861 4.09117 3.79947 3.95505 3.62519 3.9172 3.66827 3.33917 2.3249 2.79253 3.58715 3.5219 3.7289 2.50732 3.27944 3.57226 2.21363 2.99246 3.68571 3.61144 3.92589 3.67513 3.47506 3.57547 3.88376 3.55341 3.69144 3.60407 3.96535
2.20711 2.8931 2.1744 2.12681 1.84844 1.9885 2.28742 2.10131 2.48306 2.17145 2.21828 2.24451 1.90581 2.09171 2.23948 1.99581 2.13116 x 2.21727 2.131 2.77079 2.11735 1.95503 2.15872 3.38759 2.28479 2.16635 2.18537 2.08906 2.08072 2.04605 2.23114 2.17913 2.10224 3.30079 2.24263 2.09554 0.87981 1.55074 2.98458 2.14946 2.08472 2.18393 1.91071 2.15508 2.08347 1.93042 1.93471 2.24004 1.75927 2.22463 2.16203 2.17005 2.10484 0.12153 2.15355 2.15558 1.93381 1.88695 2.89778 2.16056 2.09291 2.16768 2.22052 2.21283 2.21449 2.24738 2.11331 3.9821 2.13947 1.81197 2.18398 2.16363 2.21633 2.36904 2.25476 2.22128 2.25369 2.21872 0.20872 2.22188 2.24286 1.85858 2.26244 0.60276 1.96623 2.17918 2.21021 2.25116 3.32868 2.09404 2.19599 2.28752 2.22035 2.18923 2.18413 2.17807 2.29787 2.17252 2.27479
3.39748 3.76178 3.4385 3.47199 3.33493 3.32859 3.3759 3.48199 3.43822 3.21673 3.50063 3.37208 1.90159 3.10936 3.26597 3.48479 3.66204 2.21727 x 3.46524 2.74261 2.76741 3.42739 2.29587 3.19703 2.07197 3.07009 3.47951 3.25754 2.80721 3.65017 3.32873 2.28009 3.43584 3.22346 2.97561 2.99541 2.61113 3.24896 3.20683 3.5334 2.75989 3.96898 1.87592 3.20591 3.20098 3.41563 3.54426 3.52958 3.36527 2.95954 3.36237 3.41527 3.24533 2.10492 3.18489 3.26409 3.27165 3.21607 3.41091 3.45494 3.31323 3.19801 3.22709 3.27589 3.14803 3.21889 2.42074 4.50554 3.92107 1.78066 3.18603 3.94281 3.36878 3.40142 3.33981 3.47847 3.2108 0.85641 2.16193 3.28112 3.42351 3.48539 3.26536 2.59342 3.26884 3.29901 1.89631 2.36333 3.41246 3.32996 3.25093 3.21697 3.19191 3.30347 3.51877 3.47727 3.24819 3.53011 3.43568
3.45746 3.64102 3.31848 3.17105 3.43465 3.30854 3.46108 3.17834 3.32126 3.47678 3.19192 3.2587 1.94167 3.17339 3.1632 3.16996 3.73319 2.131 3.46524 x 2.80664 3.42418 3.18087 2.46755 3.46131 3.53054 2.53242 3.37154 3.72376 2.98414 3.2032 3.40866 2.45995 3.5149 3.48351 3.03323 3.17527 2.9287 3.09902 3.27086 3.46022 2.84261 4.11358 1.75896 3.46596 3.26502 3.21525 3.27035 3.39962 3.11875 2.82935 3.45239 3.4793 2.27861 2.24625 3.44495 3.55329 3.3614 3.25256 3.47007 3.62426 3.38439 3.59222 3.29112 3.17063 3.21206 3.15911 2.338 4.4049 4.06418 1.85181 3.25006 3.86517 3.25513 3.1689 3.23455 3.19097 3.45715 3.19422 2.32472 3.17586 3.50257 3.28617 3.33907 2.67935 3.37154 3.37017 3.23195 2.56318 3.30144 3.39721 3.49863 3.281 3.25595 3.19695 3.33622 3.35336 0.57979 3.21342 3.51473
2.9349 3.46045 2.97592 2.81211 2.77226 2.73251 2.91332 2.82021 2.79464 2.93784 3.03805 2.9095 1.38761 2.70052 2.80339 2.82248 1.13185 2.77079 2.74261 2.80664 x 2.36119 3.02254 2.27396 2.73445 2.45009 2.07236 3.0947 0.97891 2.64212 3.05351 2.99994 2.26234 2.79226 2.94616 2.80371 3.08135 3.05122 2.85873 2.92562 2.93739 1.76216 4.34664 1.30483 2.92449 2.91841 2.67871 2.86393 2.87005 2.99628 2.78658 2.72975 2.76616 2.97316 2.82046 2.84012 2.80151 2.76525 2.72594 2.76264 2.86029 2.85313 2.52292 2.7645 2.81164 2.74826 2.78386 2.39639 4.09418 3.69854 1.26668 2.89994 4.06053 2.9062 2.93639 3.09651 3.03674 2.74822 2.96851 2.95863 2.81745 2.96969 2.69002 2.80278 2.91929 2.85196 2.83733 2.87978 2.34361 2.96338 3.00132 2.98007 2.75439 2.72933 2.84089 2.85805 2.81638 2.96975 2.99221 2.98471
3.46371 3.4604 3.3846 3.41474 2.939 3.28686 3.52019 3.24446 3.60798 3.35423 3.44997 3.54452 2.05438 3.01539 3.42125 3.43843 1.4917 2.11735 2.76741 3.42418 2.36119 x 2.98747 2.29109 3.51169 3.29784 3.32827 3.26125 3.24221 2.86478 3.46125 3.28581 2.27622 3.43961 3.60471 2.8382 2.99154 2.91353 3.36251 3.55758 2.50819 3.44808 4.1013 1.83243 3.55666 3.40535 3.32816 2.92628 3.28932 3.06041 3.02351 3.32984 3.36624 3.38283 2.23108 3.3224 3.5964 3.15717 2.19086 3.27716 3.58952 3.46602 3.54876 3.36459 3.42868 3.28553 3.27646 2.41542 4.75516 4.0519 1.93344 3.53678 4.07874 3.10207 3.2626 3.49259 3.25709 2.97508 1.99664 2.30955 1.61111 2.24462 3.08947 3.00329 2.66419 3.50346 3.4518 0.96789 2.35903 3.31681 3.28692 3.60168 3.56773 2.6656 3.51459 3.47044 3.43294 3.38569 3.47147 3.60544
3.60436 2.77961 3.10376 3.19594 0.27809 2.75818 3.45234 3.20981 3.1063 3.30909 3.21681 3.31618 1.82121 2.39463 3.29014 2.851 3.49507 1.95503 3.42739 3.18087 3.02254 2.98747 x 1.79184 3.28721 2.79674 2.41901 2.77801 2.98996 2.17279 3.29624 3.55578 2.04056 0.83432 3.24266 2.55919 2.75588 2.28658 2.93515 2.18237 3.30869 2.34313 3.20634 1.78661 3.4213 3.41668 0.71049 0.26395 1.26476 0.41299 2.3312 3.43675 3.32919 3.49879 1.8689 3.12638 3.58584 0.5205 3.02878 2.91368 2.85695 3.29683 1.48658 3.0884 3.19551 2.47152 2.61056 1.67463 3.6435 3.15694 1.88253 3.27172 2.79495 2.5817 2.8382 3.51235 3.39809 3.32089 3.51631 1.98442 1.80403 1.88114 0.44527 2.37583 2.1182 0.90526 2.52984 3.55982 1.88747 3.67084 3.47086 2.35612 3.38544 0.65381 1.80849 2.8593 3.3783 3.26087 3.4761 2.80647
2.38031 2.12019 2.43371 2.32603 1.54156 2.79495 2.29938 2.42484 2.30753 2.97945 2.4557 2.25352 1.48812 2.54001 2.89385 2.60267 3.29882 2.15872 2.29587 2.46755 2.27396 2.29109 1.79184 x 3.00399 2.24131 2.41718 1.87577 2.3803 2.34226 2.30248 2.38123 0.48314 2.08188 3.04725 2.71719 1.19846 2.24968 2.30633 2.46055 2.444 2.41484 3.78265 1.41651 2.42031 2.35722 2.00176 2.02939 2.56232 2.20483 2.46204 2.35433 2.94829 2.29445 2.27705 2.42887 2.36937 1.81177 2.4491 2.36769 2.28388 2.22884 2.24059 2.41029 2.29782 2.40208 2.25883 0.13023 3.20919 2.28385 1.36719 2.45057 2.30452 2.24101 1.59613 2.3453 2.2835 2.94827 2.26446 2.35535 2.28454 2.78244 1.34657 2.27588 2.45292 1.94779 2.34879 2.22948 0.33005 2.44511 2.91259 2.95312 2.33824 2.38027 2.41973 2.30852 2.3723 2.24735 2.37218 3.18908
3.20619 3.56883 3.23942 3.46384 3.11316 1.68593 3.18871 3.27454 3.24907 3.20857 3.4871 3.3647 1.86948 3.41333 3.2594 1.65962 3.65297 3.38759 3.19703 3.46131 2.73445 3.51169 3.28721 3.00399 x 3.28498 3.18262 3.29133 3.5291 2.79083 3.2994 3.51487 3.01712 3.24669 3.2153 3.59572 2.89787 3.49672 3.19522 3.37775 3.2082 3.48521 5.19375 1.86585 2.64244 3.19283 3.4042 3.51427 3.51838 3.33828 2.94134 3.18418 3.39377 3.23717 3.49697 3.17674 3.25594 3.25377 3.18037 3.39615 3.23061 3.30417 3.36893 2.6994 3.46581 3.13987 2.98513 2.98643 4.71958 3.95104 1.7716 3.17787 4.31809 3.36202 3.46408 3.52973 3.48615 3.38173 3.4894 3.55527 3.47104 3.23436 3.24242 3.45784 3.24799 3.25855 3.02054 3.32816 2.90063 3.22925 3.51598 3.24277 3.20881 3.36284 3.29315 3.50758 3.27109 3.41912 3.5086 3.24653
3.30422 3.72936 3.44127 3.1937 2.73093 3.23679 3.28479 3.20099 3.35186 3.51097 3.21457 3.28136 1.81898 3.52439 3.18586 3.38279 3.46875 2.28479 2.07197 3.53054 2.45009 3.29784 2.79674 2.24131 3.28498 x 0.99812 3.40099 1.56907 2.94694 3.39962 3.24234 2.48206 3.54763 3.52021 3.3555 2.95121 2.64252 3.12167 3.29586 3.51048 0.76436 3.57064 1.78413 3.29485 3.28937 2.27073 2.70446 2.88526 2.81002 2.79587 3.47752 3.52747 3.55021 2.16569 3.47602 3.35949 2.46072 3.27552 3.52263 3.36812 3.23062 1.6607 3.52518 3.36343 3.57449 3.12563 2.36011 4.67804 3.97922 1.87978 3.11512 4.34493 3.45799 3.19155 3.43445 3.21362 3.48233 1.44578 2.24416 3.19851 3.52148 2.63333 3.36091 2.43465 2.07596 3.3993 2.42674 2.31422 3.32985 3.43269 2.62596 3.30714 3.38517 3.21961 3.42231 3.19755 3.00873 3.42358 3.56305
3.19992 3.61102 3.23315 3.26028 2.66929 3.41304 3.36148 3.46757 3.436 3.38601 3.48621 3.35767 1.88557 2.92452 3.44681 3.26401 3.09102 2.16635 3.07009 2.53242 2.07236 3.32827 2.41901 2.41718 3.18262 0.99812 x 3.4906 1.19134 2.76116 3.47756 3.31431 2.39274 3.1699 3.39432 3.0526 3.12995 2.74332 3.18826 3.19241 3.38556 0.34466 4.12293 1.85812 3.19149 3.18657 2.82301 2.65657 3.43755 2.832 2.90837 3.35589 3.21432 3.23091 2.28553 3.17048 3.24967 2.93951 3.35119 3.2108 3.4509 3.30129 2.27435 3.21267 3.457 3.33451 3.23813 2.29267 4.4784 4.10198 1.76464 2.73739 3.9518 3.35436 3.18371 3.54468 3.28241 3.19639 2.29932 2.35616 3.26561 3.41785 2.86428 3.25094 2.53545 2.62824 3.48872 3.42486 2.51282 3.22299 3.52581 3.17824 3.38631 3.00744 3.28905 3.51428 3.46285 2.23401 3.30736 3.43287
3.31056 3.38539 3.34748 3.20005 2.80859 3.33754 3.29114 3.27857 3.47747 3.49642 3.4034 3.64694 1.82533 0.73804 3.1922 3.19606 3.88488 2.18537 3.47951 3.37154 3.0947 3.26125 2.77801 1.87577 3.29133 3.40099 3.4906 x 3.46189 2.43586 3.2322 3.43766 2.1245 3.458 3.50391 0.84142 2.64267 2.7694 3.12801 3.28409 3.31261 3.40224 3.83698 1.79118 3.4844 3.47725 3.20807 2.73776 3.25219 2.63942 2.54693 3.46932 2.57928 3.55656 2.30666 3.48472 3.58229 3.0785 3.46099 3.17956 2.99576 3.23697 3.35515 3.32334 3.19963 3.07136 2.84754 1.95396 4.23542 3.9974 1.88761 1.94948 3.94481 1.8318 2.91373 3.26354 2.29641 3.30663 3.40643 2.38514 2.22962 2.14701 2.98793 1.5426 2.56153 3.08203 2.8767 3.45281 1.9714 3.51531 2.1658 3.50382 3.14266 2.87557 1.55396 3.2838 3.38236 3.5562 3.42993 3.35093
3.75182 3.90732 3.83711 3.41192 3.24024 3.2714 3.72784 3.41921 3.39619 3.52508 3.61526 3.49957 2.26863 3.31149 3.40407 3.42125 1.89968 2.08906 3.25754 3.72376 0.97891 3.24221 2.98996 2.3803 3.5291 1.56907 1.19134 3.46189 x 2.99323 3.46997 3.58096 2.59243 3.74085 3.53256 3.49402 3.23622 2.49576 3.33422 3.51408 3.52467 0.97905 3.84569 2.05537 3.51306 3.7335 3.12152 3.22752 3.73605 3.40295 2.83753 3.52388 3.37056 3.77451 2.19965 3.72114 3.60361 3.31151 3.33437 3.74085 3.39598 3.44884 2.60602 3.36907 3.61487 3.28582 3.10908 2.25948 4.78664 4.00978 2.1477 3.30834 3.82742 3.4966 3.36782 3.50131 3.61409 3.5444 2.76308 2.27813 3.62132 3.55374 3.43523 3.40352 2.46523 2.92675 3.43462 3.61231 2.47594 3.78347 3.48756 3.47675 3.55126 3.57839 3.75975 3.45326 3.41576 3.20195 3.57401 3.92071
2.96461 2.99114 2.81093 2.90871 2.20579 3.18911 2.85198 2.1713 2.99819 2.99537 2.89273 2.91942 1.78994 2.16473 2.81577 2.99683 2.73074 2.08072 2.80721 2.98414 2.64212 2.86478 2.17279 2.34226 2.79083 2.94694 2.76116 2.43586 2.99323 x 1.60736 3.01329 2.34719 2.80117 2.98588 2.20838 3.03015 2.66475 2.83762 2.7413 2.8169 2.79524 2.77929 1.55976 2.80807 2.97225 2.28904 2.15026 2.81058 2.19425 0.15958 2.95761 2.73085 2.81206 2.19038 2.77425 3.03152 2.42396 2.79034 2.79365 3.02414 2.85066 2.6756 2.80068 2.85187 1.6253 0.52598 2.47228 2.78196 2.94335 1.49612 2.83595 2.73146 3.07645 2.80015 2.88618 2.92001 2.86486 2.76896 2.26886 2.96996 2.821 2.1802 3.30832 2.45688 2.32697 1.81996 2.87903 2.43789 2.93594 2.94077 2.79847 2.8913 2.54394 2.78864 3.00977 3.0137 2.77794 2.92485 2.96354
3.31863 3.40943 3.35555 3.38569 3.03702 3.34562 3.49815 2.83189 3.36628 3.52539 3.22899 3.4939 1.8334 3.05769 3.37601 3.20333 3.59384 2.04605 3.65017 3.2032 3.05351 3.46125 3.29624 2.30248 3.2994 3.39962 3.47756 3.2322 3.46997 1.60736 x 3.25676 2.28544 3.7175 3.53463 3.20056 3.1584 2.72126 3.23711 3.31028 3.52489 3.2271 3.80698 1.80015 3.30926 3.30379 3.20471 3.39854 3.26027 3.23412 1.75098 3.49194 3.54189 3.35307 1.95082 3.29012 3.59036 3.07423 3.28994 3.33072 3.21257 3.24504 3.30323 3.33279 3.2077 2.88708 1.25997 2.42808 2.6412 3.78583 1.89758 3.48328 3.74796 3.2928 3.20597 3.46408 3.41028 3.67967 3.23129 2.02929 3.39162 3.5375 2.9283 3.19972 2.4442 3.34438 2.99158 3.46089 2.36928 3.55377 3.44711 3.54788 3.50596 3.55505 3.23402 3.24947 3.21196 3.71545 3.25049 3.57746
3.33788 3.60061 3.58419 3.40218 3.33904 3.36217 3.3157 3.42087 3.59074 3.55024 3.43445 3.50123 1.84989 3.44287 3.21676 3.21823 3.61033 2.23114 3.32873 3.40866 2.99994 3.28581 3.55578 2.38123 3.51487 3.24234 3.31431 3.43766 3.58096 3.01329 3.25676 x 2.36362 3.23195 3.347 3.27577 3.0074 2.57252 3.34155 2.00051 3.54987 3.24359 4.21367 1.81847 3.53942 3.5345 3.13781 3.35953 3.46573 3.53788 2.85558 3.31588 3.55837 3.55853 2.1174 3.30844 3.60685 3.27535 3.52203 3.34877 2.98883 3.4505 3.52252 3.5606 3.41316 3.27157 3.12532 2.26031 3.26158 3.83602 1.91793 3.51954 3.81441 3.52461 3.16188 3.28811 3.24453 3.52016 3.24778 2.17317 3.22942 3.57602 3.49339 3.21621 2.55051 3.2941 3.43628 3.28551 2.24712 3.57092 3.43713 3.37447 3.34051 3.52543 3.25051 3.27687 3.22845 3.5617 3.44532 3.58819
2.36288 1.63706 2.21377 2.79446 1.79028 2.61799 2.28293 2.39894 2.28953 3.14151 2.66783 2.24578 1.64902 2.78873 2.918 2.42572 3.15486 2.17913 2.28009 2.45995 2.26234 2.27622 2.04056 0.48314 3.01712 2.48206 2.39274 2.1245 2.59243 2.34719 2.28544 2.36362 x 2.51231 3.22521 2.96591 1.0215 2.46181 2.28856 2.23332 2.22126 2.20001 3.71981 1.60494 2.63244 2.34417 1.85899 1.87437 2.55245 2.0498 2.42907 2.15589 2.46515 2.27894 2.07059 2.641 2.16686 1.85445 2.44335 2.37009 2.27038 2.44097 2.2624 2.62242 2.28166 2.1907 2.25008 0.36593 2.72606 2.27035 1.68068 2.41979 2.28709 2.6774 1.23666 2.59391 2.27007 3.10302 2.25464 2.14906 2.48228 3.03116 1.5953 2.71615 2.22777 1.86786 2.35308 2.46892 0.1701 2.41537 3.23998 3.109 2.53598 2.15857 2.20357 2.50626 2.58443 2.48878 2.1689 3.05119
3.44714 3.25254 3.29722 3.32435 1.00117 3.34501 3.42555 3.33245 3.50007 3.45008 3.34754 3.24342 1.92729 3.10418 3.31563 3.50304 3.89645 2.10224 3.43584 3.5149 2.79226 3.43961 0.83432 2.08188 3.24669 3.54763 3.1699 3.458 3.74085 2.80117 3.7175 3.23195 2.51231 x 3.45839 2.97094 3.15609 2.46811 3.39252 1.59054 3.26601 2.8597 3.58402 1.93722 3.43672 3.25064 1.46138 0.98844 1.88917 1.16388 2.95283 3.24199 3.46492 3.29498 2.21429 3.26447 3.50855 1.27138 3.47679 3.2981 2.61986 3.36536 2.23747 3.27674 3.32388 2.91963 3.21285 2.18297 2.89261 2.40605 1.83583 3.23568 2.27118 3.07442 3.514 3.58745 3.53364 3.26046 3.55343 2.07986 2.55492 2.63202 1.19615 3.05162 2.4345 1.65614 3.02774 3.39202 2.37452 3.47561 3.58988 3.03191 3.26662 1.33932 2.55938 2.9079 3.32861 3.48892 3.58457 3.55736
3.23261 3.67436 3.26584 3.49026 3.32487 3.44573 3.39417 3.50026 3.46078 3.235 3.5189 3.21204 1.8959 3.31291 3.28424 3.29343 3.88821 3.30079 3.22346 3.48351 2.94616 3.60471 3.24266 3.04725 3.2153 3.52021 3.39432 3.50391 3.53256 2.98588 3.53463 3.347 3.22521 3.45839 x 3.1588 3.54281 2.97509 3.22458 3.41038 3.40937 3.52147 4.89432 1.89848 3.22418 3.39926 3.25154 3.36227 3.55463 3.54093 2.83091 3.21061 3.43354 3.45401 3.41017 3.20316 3.28236 3.11638 1.57094 3.42918 3.29222 3.51976 3.21628 3.42129 3.50206 3.51398 3.10312 2.96304 4.98938 3.9804 1.80096 3.36032 4.35838 3.38705 3.50033 3.36011 3.3151 3.22907 3.31871 3.11295 3.48359 3.44606 3.47765 3.47874 2.69804 3.12116 3.31932 2.73361 3.05578 3.44423 3.5585 3.45448 3.42052 3.38221 3.32174 3.33797 3.29723 3.45754 3.34004 3.27295
3.60338 3.3737 3.01375 3.16841 2.56546 3.21403 3.2595 3.37086 3.02243 3.56197 3.18928 3.15988 1.79369 0.19687 3.18449 3.3575 3.5996 2.24263 2.97561 3.03323 2.80371 2.8382 2.55919 2.71719 3.59572 3.3555 3.0526 0.84142 3.49402 2.20838 3.20056 3.27577 2.96591 2.97094 3.1588 x 3.13568 2.56145 3.09638 2.79704 2.98566 3.04712 3.7201 1.75603 3.01698 3.13383 2.7231 2.63784 3.22056 2.81327 2.05988 3.54467 3.07863 3.65171 2.12774 3.10004 3.58278 2.57913 3.57894 3.21537 2.99195 3.07508 2.93448 2.99531 3.16799 3.06666 2.46092 2.59998 4.25816 3.51035 1.84855 1.23118 3.45776 2.67322 3.16626 2.85231 1.61666 3.27499 3.37459 2.40076 1.54245 2.18282 2.5039 2.22976 2.77417 2.89839 3.19111 3.29092 2.81282 3.25501 2.79064 3.01676 2.30124 2.38852 1.0669 3.00434 3.042 3.25172 3.3854 3.32375
3.00667 2.65855 3.04992 3.2163 2.5056 1.59649 3.26192 3.04273 3.27096 3.55082 3.06773 2.9611 1.84158 3.30783 3.38419 1.56024 3.79188 2.09554 2.99541 3.17527 3.08135 2.99154 2.75588 1.19846 2.89787 2.95121 3.12995 2.64267 3.23622 3.03015 3.1584 3.0074 1.0215 3.15609 3.54281 3.13568 x 2.33028 3.26963 3.07166 2.93658 2.91533 4.06072 1.80924 3.26079 3.07598 2.59244 2.6941 3.08447 2.60013 2.87076 2.98562 3.48665 3.15037 2.20685 3.28478 2.9978 2.77582 3.30502 3.08541 3.21993 3.08476 3.14139 3.26621 3.21588 3.0243 2.9654 1.08125 3.74755 3.13977 1.90768 3.06357 3.26762 3.09693 2.13449 3.30923 2.98539 3.51964 2.96996 2.07383 3.39435 3.35683 2.31062 3.20791 2.28136 2.52796 3.20471 3.18424 0.9649 3.05915 3.45529 3.36524 3.4677 3.00988 2.91889 3.25765 3.08956 3.10327 3.00008 3.56161
2.79113 3.39722 2.5531 2.48801 2.26255 2.33599 2.82377 2.68533 2.15736 3.05126 2.61204 2.63565 1.83173 2.64919 2.79695 2.3819 2.53364 0.87981 2.61113 2.9287 3.05122 2.91353 2.28658 2.24968 3.49672 2.64252 2.74332 2.7694 2.49576 2.66475 2.72126 2.57252 2.46181 2.46811 2.97509 2.56145 2.33028 x 2.27548 3.16753 2.55011 2.45391 2.56082 1.7983 2.51091 2.69966 2.46902 2.43883 2.58512 2.26339 2.5419 2.96318 2.75407 2.33706 0.98919 2.37257 2.7396 2.53226 1.56125 3.39983 2.78759 2.71014 2.38287 2.40377 2.55768 2.417 2.63824 2.36941 4.48622 2.49827 1.89552 2.768 2.51783 3.03547 2.87316 2.83878 3.04323 2.78376 2.56245 0.69197 3.04398 3.06987 2.29729 2.59787 0.30784 2.37884 2.53043 2.56337 2.34531 3.5521 2.46146 2.78001 2.67437 2.93833 2.56511 2.49954 2.80477 3.08738 2.7986 2.6629
3.41794 3.78582 3.41956 3.10394 2.89192 3.2583 3.30578 3.11123 3.47676 3.20619 3.30728 3.19159 1.89765 2.96393 3.09609 3.45057 3.37632 1.55074 3.24896 3.09902 2.85873 3.36251 2.93515 2.30633 3.19522 3.12167 3.18826 3.12801 3.33422 2.83762 3.23711 3.34155 2.28856 3.39252 3.22458 3.09638 3.26963 2.27548 x 3.40762 3.21669 3.30494 3.42909 1.68439 3.40024 3.39962 2.98907 2.99733 3.34588 3.15494 2.99333 3.40719 3.2182 3.29002 1.50504 3.35016 3.26973 3.11009 2.95435 1.66902 3.56538 3.32708 3.38865 3.38142 3.10352 3.45965 3.2493 2.43236 4.87482 3.38463 1.76895 3.18298 3.34293 3.2482 3.26176 3.3599 3.25221 3.27847 3.46388 1.58351 3.32928 2.53466 2.79771 3.29333 1.99842 2.88493 3.30835 3.45537 2.37274 3.44958 3.34292 3.46813 3.21737 3.23006 3.22625 3.31009 3.10778 3.31425 3.14631 3.51995
3.39912 3.59824 3.24921 3.47363 2.43266 3.4291 3.1985 3.48363 3.43629 3.40206 3.50227 3.19541 1.87927 2.91095 3.46287 3.27847 3.65172 2.98458 3.20683 3.27086 2.92562 3.55758 2.18237 2.46055 3.37775 3.29586 3.19241 3.28409 3.51408 2.7413 3.31028 2.00051 2.23332 1.59054 3.41038 2.79704 3.07166 3.16753 3.40762 x 3.21799 3.29711 4.84984 1.87794 3.20755 3.38263 2.89286 2.41993 3.32066 2.33582 2.88631 3.37195 3.4169 3.24697 3.06424 3.18653 3.26573 2.70287 3.36724 3.41255 1.32041 3.52426 3.30206 3.41485 3.45724 3.48991 3.21607 2.3317 1.62347 3.83754 1.78248 3.36416 3.47555 3.23924 3.07418 3.52826 3.29846 3.2412 3.4843 3.10748 3.58776 3.55446 2.62764 2.79579 3.21164 3.08763 3.30155 3.55718 2.31137 3.23905 3.3316 3.4293 3.21861 2.7708 3.50958 1.47641 3.47891 3.44091 2.39232 3.43346
3.40865 3.48198 3.44967 3.28586 3.1325 3.33864 3.38707 3.29396 3.26839 3.40188 3.5118 3.38325 1.8888 3.12053 3.27714 3.49596 3.85072 2.14946 3.5334 3.46022 2.93739 2.50819 3.30869 2.444 3.2082 3.51048 3.38556 3.31261 3.52467 2.8169 3.52489 3.54987 2.22126 3.26601 3.40937 2.98566 2.93658 2.55011 3.21669 3.21799 x 3.51173 4.1302 1.88971 3.21708 3.39216 3.24444 3.12314 3.54489 3.27523 2.97031 3.38148 3.42644 3.2565 2.26676 3.19606 3.27526 3.08947 2.95685 3.23639 3.28511 3.51186 3.39279 3.23825 3.49232 3.17463 3.00859 2.31681 4.35731 3.86004 1.79307 3.1972 3.88178 3.20226 3.28658 3.54003 3.51049 3.22197 2.76263 2.34523 3.47482 3.25368 3.2639 3.27653 2.52562 3.43394 3.31108 1.81899 2.29797 3.24858 3.34113 3.2621 3.22814 3.3867 3.51869 3.33007 3.29013 3.45044 3.54128 3.44406
3.30547 3.66758 3.34238 3.19496 2.3591 3.23791 3.28604 3.20225 3.56778 3.51222 3.21583 3.28261 1.82023 3.18882 3.18711 3.38404 2.78083 2.08472 2.75989 2.84261 1.76216 3.44808 2.34313 2.41484 3.48521 0.76436 0.34466 3.40224 0.97905 2.79524 3.2271 3.24359 2.20001 2.8597 3.52147 3.04712 2.91533 2.45391 3.30494 3.29711 3.51173 x 4.25857 1.78552 3.2961 3.49063 2.8193 2.34637 3.2471 2.52181 2.65934 3.47877 3.32147 3.55146 2.19482 3.27549 3.36074 2.62931 3.27677 3.52388 3.6828 3.41809 2.18255 3.52643 3.372 3.09055 3.22451 2.29056 4.43346 4.21309 1.88132 2.69688 3.86681 3.4694 3.1928 3.25845 3.39711 3.50411 1.98913 2.27329 3.37846 3.54761 2.55408 3.36216 2.41873 2.76388 3.21765 3.11467 2.27435 3.3311 3.2447 3.31388 3.30839 2.69725 3.40449 3.42356 3.1988 2.3208 3.42483 3.35029
3.95194 3.13088 3.9225 4.09775 2.98108 3.89236 4.27621 3.85672 4.20029 3.91984 4.19938 3.9856 3.95958 3.52527 3.98107 3.6954 4.11373 2.18393 3.96898 4.11358 4.34664 4.1013 3.20634 3.78265 5.19375 3.57064 4.12293 3.83698 3.84569 2.77929 3.80698 4.21367 3.71981 3.58402 4.89432 3.7201 4.06072 2.56082 3.42909 4.84984 4.1302 4.25857 x 3.75637 3.90511 4.0496 2.85211 3.12203 3.46665 2.98526 2.92852 3.91136 3.95897 3.85989 2.30506 4.12746 4.13571 3.0421 3.46724 4.81173 3.91004 4.06008 2.30668 4.1857 3.95708 3.72878 3.19097 3.67717 4.21988 4.10465 3.83866 4.32946 3.9128 3.96023 2.89646 3.99482 3.96469 4.21225 4.22587 2.15339 4.20339 3.98971 2.87796 4.00557 2.35296 2.65734 3.9268 3.96327 3.8729 4.96135 4.06134 3.20734 4.27632 3.73592 3.94627 4.1614 4.15471 4.26377 3.92081 4.01558
1.88722 2.2861 1.92824 1.76443 1.91253 1.9172 1.86564 1.77253 1.94016 1.89016 1.78762 1.86182 0.23696 1.75761 1.75571 1.7748 2.19301 1.91071 1.87592 1.75896 1.30483 1.83243 1.78661 1.41651 1.86585 1.78413 1.85812 1.79118 2.05537 1.55976 1.80015 1.81847 1.60494 1.93722 1.89848 1.75603 1.80924 1.7983 1.68439 1.87794 1.88971 1.78552 3.75637 x 1.87681 1.87073 1.91059 1.87731 1.82237 1.9486 1.57349 1.86005 1.905 1.92548 1.82902 1.85086 1.94864 2.07236 1.85534 1.90065 1.91738 1.80545 1.86706 1.90295 1.76396 1.80535 1.78835 1.44367 3.3751 2.52419 0.10259 1.85226 2.88618 1.85852 1.76204 1.83498 1.78656 1.88285 1.79017 1.72909 1.76977 1.922 1.73684 1.7551 1.93883 1.91786 1.78965 1.8321 1.65651 1.9157 1.8197 1.93239 1.89047 1.85953 1.79321 1.81037 1.7687 1.92901 1.81151 1.93702
3.21506 3.57771 3.43922 3.47271 3.14669 3.23934 3.37662 3.28351 3.25795 3.39027 3.50135 3.23865 1.87835 2.89247 3.46195 3.10768 3.65071 2.15508 3.20591 3.46596 2.92449 3.55666 3.4213 2.42031 2.64244 3.29485 3.19149 3.4844 3.51306 2.80807 3.30926 3.53942 2.63244 3.43672 3.22418 3.01698 3.26079 2.51091 3.40024 3.20755 3.21708 3.2961 3.90511 1.87681 x 3.20171 3.45115 3.31672 3.53056 3.45086 2.9605 1.48299 3.41599 3.24605 2.273 3.18561 3.45962 3.29603 3.18924 3.22594 3.41477 3.49457 3.37989 0.35689 3.27669 3.14875 3.29027 2.29549 4.68364 4.07579 1.78146 3.35616 4.25235 3.3695 3.63414 3.53506 3.29755 3.39384 3.48232 2.12742 3.28192 3.42439 3.27967 3.26608 2.48206 3.3008 3.29981 3.55626 2.51594 3.23813 3.33068 3.43281 3.21769 3.19263 3.30419 3.31846 3.27968 3.24891 3.53084 3.2554
3.21014 3.81973 3.24337 3.46779 3.51822 3.32481 3.19266 3.45821 3.25302 3.39253 3.29368 3.36788 1.89692 3.28516 3.26177 3.48059 3.85737 2.08347 3.20098 3.26502 2.91841 3.40535 3.41668 2.35722 3.19283 3.28937 3.18657 3.47725 3.7335 2.97225 3.30379 3.5345 2.34417 3.25064 3.39926 3.13383 3.07598 2.69966 3.39962 3.38263 3.39216 3.49063 4.0496 1.87073 3.20171 x 3.40907 3.20211 3.5238 3.25985 2.81865 3.36814 3.22454 3.43154 2.19344 3.18069 3.45469 3.60889 3.18432 3.39424 3.23456 3.30856 3.1938 3.40289 3.27122 3.14383 3.09208 2.2387 4.89978 3.95543 1.77599 3.35069 3.82239 3.18689 3.46277 3.53515 3.47022 3.2066 3.49482 2.27192 3.47646 3.23831 3.36138 3.43876 2.41761 3.59429 3.35229 3.52441 2.45285 3.40779 3.32139 3.42673 3.21277 3.36772 3.48118 3.513 3.27476 3.43507 3.52591 3.25048
3.3957 2.83661 3.14815 3.50007 0.46021 2.77423 3.40398 3.35913 3.15684 3.24481 3.32597 3.32555 2.0933 2.62797 3.60057 2.86884 3.42741 1.93042 3.41563 3.21525 2.67871 3.32816 0.71049 2.00176 3.4042 2.27073 2.82301 3.20807 3.12152 2.28904 3.20471 3.13781 1.85899 1.46138 3.25154 2.7231 2.59244 2.46902 2.98907 2.89286 3.24444 2.8193 2.85211 1.91059 3.45115 3.40907 x 0.94804 1.00408 0.94612 2.20376 3.25862 3.30905 3.45093 1.84676 3.40056 3.46148 0.2111 3.36534 2.7263 2.92572 3.49668 0.7761 3.12971 3.17214 2.52201 2.754 1.88456 3.56815 3.48069 1.81186 3.21411 3.50544 2.5534 2.76052 3.36725 3.11312 3.32936 3.57193 1.92523 2.51452 1.88195 0.65519 2.34438 2.24461 0.21641 2.46447 3.37045 1.82618 3.5903 3.48381 1.90742 3.00873 1.16903 2.51897 2.92119 3.27785 3.2529 3.27777 3.0164
3.51274 2.82451 3.03094 3.1139 0.48784 3.01284 3.34466 3.30251 3.15992 3.21574 3.37899 3.4207 1.90284 2.46065 3.39176 2.90383 3.61946 1.93471 3.54426 3.27035 2.86393 2.92628 0.26395 2.02939 3.51427 2.70446 2.65657 2.73776 3.22752 2.15026 3.39854 3.35953 1.87437 0.98844 3.36227 2.63784 2.6941 2.43883 2.99733 2.41993 3.12314 2.34637 3.12203 1.87731 3.31672 3.20211 0.94804 x 1.37584 0.19493 2.07886 3.19346 3.56675 3.26123 2.04409 3.31515 3.34678 0.75805 3.10136 2.77714 2.91044 3.43039 1.507 3.01711 3.4102 2.34949 2.63667 1.91219 3.38246 3.39449 1.78191 3.3713 3.03251 2.81926 2.79194 3.39867 3.29584 3.42593 3.30156 1.74686 2.04159 2.11869 0.68282 2.3758 2.16177 1.02853 2.54698 3.33625 1.91253 3.42708 3.22538 2.56991 3.21809 0.82598 1.74548 2.81093 3.48972 3.35924 3.66706 3.04402
3.54212 3.42262 3.56594 3.40569 1.38857 3.32934 3.31921 3.23541 3.38628 3.34128 3.24899 3.49952 2.04319 3.07569 3.22027 3.48563 3.98834 2.24004 3.52958 3.39962 2.87005 3.28932 1.26476 2.56232 3.51838 2.88526 3.43755 3.25219 3.73605 2.81058 3.26027 3.46573 2.55245 1.88917 3.55463 3.22056 3.08447 2.58512 3.34588 3.32066 3.54489 3.2471 3.46665 1.82237 3.53056 3.5238 1.00408 1.37584 x 1.55128 2.96329 3.51193 3.66493 3.58463 2.12541 3.52322 3.61036 1.19407 3.49153 3.62997 3.53682 3.26504 1.39064 3.35279 3.2277 3.14519 3.0029 2.48654 4.3036 3.86438 1.92226 3.50328 3.93323 3.50371 3.22062 3.29162 3.24804 3.3347 3.25129 2.18038 2.94232 2.59743 1.58355 3.01361 2.37725 0.89923 3.02533 3.48089 2.66595 3.57377 3.46711 2.52196 3.34156 1.72671 2.94677 3.26947 3.41043 3.58147 3.27049 3.38345
3.3369 2.94342 3.16508 3.24804 0.66327 3.14698 3.4788 3.47452 3.31609 3.39744 3.5595 3.60585 1.88799 2.63609 3.57369 3.02456 3.43295 1.75927 3.36527 3.11875 2.99628 3.06041 0.41299 2.20483 3.33828 2.81002 2.832 2.63942 3.40295 2.19425 3.23412 3.53788 2.0498 1.16388 3.54093 2.81327 2.60013 2.26339 3.15494 2.33582 3.27523 2.52181 2.98526 1.9486 3.45086 3.25985 0.94612 0.19493 1.55128 x 2.04641 3.37463 3.6129 3.42866 1.86865 3.15907 3.52372 0.84014 3.27053 2.89078 2.72279 3.61661 1.53174 3.15125 3.59418 2.41561 2.44821 2.08762 3.56336 3.56993 1.84607 3.5292 3.20794 2.69522 2.68818 3.53281 3.3557 3.61166 3.3593 1.74603 2.21702 2.06471 0.85826 2.50994 1.98634 1.04628 2.46772 3.51202 1.89671 3.48483 3.38883 2.48836 3.07172 1.00142 1.74637 2.70527 3.68254 3.53756 3.47579 3.21946
2.81177 2.83565 2.96367 2.76146 2.12883 3.04548 3.00929 2.31493 2.84199 2.83946 2.74708 2.7711 1.75457 2.09188 2.96905 2.84077 2.87457 2.22463 2.95954 2.82935 2.78658 3.02351 2.3312 2.46204 2.94134 2.79587 2.90837 2.54693 2.83753 0.15958 1.75098 2.85558 2.42907 2.95283 2.83091 2.05988 2.87076 2.5419 2.99333 2.88631 2.97031 2.65934 2.92852 1.57349 2.9605 2.81865 2.20376 2.07886 2.96329 2.04641 x 2.80547 2.8747 2.96493 2.11154 2.92292 2.87199 2.32519 2.9408 2.94447 2.86535 3.00782 2.55166 2.95229 3.00916 1.64631 0.617 2.33304 2.93149 2.79264 1.64573 2.99148 2.87537 3.08881 2.9517 2.74118 2.77163 3.0236 2.91704 2.1856 2.81659 2.97486 2.1058 3.1647 2.54465 2.17815 1.67634 2.73475 2.31258 2.78597 2.79032 2.94983 2.74579 2.43317 2.93891 2.85242 2.85595 2.92702 2.77599 2.81081
3.38463 3.56414 3.23472 3.45914 3.34336 3.31702 3.18401 3.44795 3.24437 3.37519 3.48778 2.11551 1.86478 3.36739 3.25312 3.47194 3.64775 2.16203 3.36237 3.45239 2.72975 3.32984 3.43675 2.35433 3.18418 3.47752 3.35589 3.46932 3.52388 2.95761 3.49194 3.31588 2.15589 3.24199 3.21061 3.54467 2.98562 2.96318 3.40719 3.37195 3.38148 3.47877 3.91136 1.86005 1.48299 3.36814 3.25862 3.19346 3.51193 3.37463 2.80547 x 3.21589 3.42289 2.28073 3.17204 3.25124 3.12275 3.34385 3.39806 3.23838 3.29895 3.36313 1.65589 3.45937 3.29886 3.08022 2.2361 4.39375 3.87135 1.76638 3.34108 4.10691 3.35593 3.05329 3.32553 3.46419 3.19795 3.2852 2.3592 3.4646 3.40763 3.43496 3.25251 2.71383 3.40428 3.28473 3.54269 2.22533 3.39818 3.50102 3.23807 3.38209 3.17906 3.49466 3.27815 3.46442 3.42642 3.49191 3.24183
3.23789 1.87622 3.27112 3.49555 3.58047 3.17291 3.22042 3.08118 3.4673 3.4268 3.32336 3.40385 1.92776 3.24352 3.50189 3.31182 3.68821 2.17005 3.41527 3.4793 2.76616 3.36624 3.32919 2.94829 3.39377 3.52747 3.21432 2.57928 3.37056 2.73085 3.54189 3.55837 2.46515 3.46492 3.43354 3.07863 3.48665 2.75407 3.2182 3.4169 3.42644 3.32147 3.95897 1.905 3.41599 3.22454 3.30905 3.56675 3.66493 3.6129 2.8747 3.21589 x 3.26888 2.28964 3.20845 3.48245 3.46562 3.3986 2.98216 2.79836 3.3394 3.43695 3.43716 3.30206 2.87396 3.20446 2.83108 2.96522 3.87857 1.80683 3.3961 3.90031 1.6344 1.5024 3.57323 3.3224 3.23436 3.32565 2.36811 2.74424 1.94962 3.38549 1.32327 2.54621 3.17291 2.6793 3.55244 2.61824 3.44749 3.55948 3.461 3.24052 3.40199 3.53564 3.08641 3.30633 3.45827 3.55211 3.27823
3.44489 3.70136 3.28771 3.31484 3.37416 3.35633 3.41604 3.32821 3.48778 3.25687 3.34179 3.40857 2.10819 3.46372 3.48864 3.51562 4.02584 2.10484 3.24533 2.27861 2.97316 3.38283 3.49879 2.29445 3.23717 3.55021 3.23091 3.55656 3.77451 2.81206 3.35307 3.55853 2.27894 3.29498 3.45401 3.65171 3.15037 2.33706 3.29002 3.24697 3.2565 3.55146 3.85989 1.92548 3.24605 3.43154 3.45093 3.26123 3.58463 3.42866 2.96493 3.42289 3.26888 x 2.21718 3.22503 3.30423 3.30696 3.34419 3.26536 3.27891 3.35784 3.23815 3.26723 3.53206 3.18817 3.00424 2.41916 4.3834 4.03332 1.82526 3.41658 3.84162 3.23123 3.16404 3.59598 3.34084 3.4275 3.55565 2.0822 3.53729 3.47306 3.23173 3.31252 2.28889 3.62622 3.06401 3.56503 2.36205 3.27755 3.58223 3.29107 3.25711 3.23205 3.34682 3.57383 3.3191 1.952 3.36191 3.22097
2.09578 3.00248 2.29447 2.24159 1.93229 1.89903 2.16805 2.21326 2.59244 2.29119 2.10583 2.12944 1.85938 2.20259 2.12491 2.09604 2.24643 0.12153 2.10492 2.24625 2.82046 2.23108 1.8689 2.27705 3.49697 2.16569 2.28553 2.30666 2.19965 2.19038 1.95082 2.1174 2.07059 2.21429 3.41017 2.12774 2.20685 0.98919 1.50504 3.06424 2.26676 2.19482 2.30506 1.82902 2.273 2.19344 1.84676 2.04409 2.12541 1.86865 2.11154 2.28073 2.28964 2.21718 x 2.2713 2.27356 1.84981 1.99633 3.00716 2.27909 2.20392 2.287 2.10785 2.10092 2.10242 2.13202 2.22659 4.09148 2.25566 1.73845 2.30512 2.2825 2.10407 2.47842 2.13866 2.10853 2.1377 2.10622 0.29723 2.10907 2.12795 1.7821 2.14557 0.71213 2.06317 2.29978 2.09857 2.13542 3.38797 2.20518 2.08577 2.16814 2.10769 2.07968 2.30528 2.29855 2.17746 2.29238 2.15669
3.19405 3.95187 3.41821 3.4517 3.19566 3.40717 2.89454 3.4617 3.23693 3.19643 3.48034 3.35179 1.87904 3.24762 3.24568 3.25873 3.85879 2.15355 3.18489 3.44495 2.84012 3.3224 3.12638 2.42887 3.17674 3.47602 3.17048 3.48472 3.72114 2.77425 3.29012 3.30844 2.641 3.26447 3.20316 3.10004 3.28478 2.37257 3.35016 3.18653 3.19606 3.27549 4.12746 1.85086 3.18561 3.18069 3.40056 3.31515 3.52322 3.15907 2.92292 3.17204 3.20845 3.22503 2.2713 x 3.4386 3.25049 3.34531 3.39062 3.25835 3.50232 3.35703 3.20679 3.25393 3.46798 3.18593 2.30319 4.329 0.9538 1.75811 3.34223 1.22041 3.34849 3.42781 3.25294 3.27653 3.19051 3.48348 2.12604 3.45829 3.22222 3.07108 3.44018 2.32835 3.21886 3.27962 3.53524 2.5245 3.21711 3.30967 3.42236 3.19667 3.40217 3.48722 3.30034 3.25867 3.2279 3.50982 3.23438
2.09902 3.7222 3.48919 3.3336 3.32835 3.40307 3.25577 3.5655 3.31613 3.47044 3.57908 3.44748 2.13134 3.40169 3.33391 3.56755 3.54002 2.15558 3.26409 3.55329 2.80151 3.5964 3.58584 2.36937 3.25594 3.35949 3.24967 3.58229 3.60361 3.03152 3.59036 3.60685 2.16686 3.50855 3.28236 3.58278 2.9978 2.7396 3.26973 3.26573 3.27526 3.36074 4.13571 1.94864 3.45962 3.45469 3.46148 3.34678 3.61036 3.52372 2.87199 3.25124 3.48245 3.30423 2.27356 3.4386 x 3.26573 3.24743 3.28413 3.29767 3.59513 3.25691 3.4808 3.52794 3.40174 3.14009 2.24964 4.40363 3.86555 1.84611 3.43974 3.88729 3.4448 3.15324 3.62171 3.57813 3.26971 3.58138 2.35203 3.53374 3.49622 3.48152 3.54982 2.53174 3.3101 3.25623 3.61912 2.23752 3.29631 3.39151 3.50464 3.47068 3.25082 3.36767 3.38311 1.46063 3.5019 3.60059 3.50839
3.5619 2.98813 3.02332 3.34005 0.30024 2.64466 3.25357 3.21321 3.03115 3.11032 3.18336 3.18157 1.98678 2.4984 3.42958 2.72487 3.59713 1.93381 3.27165 3.3614 2.76525 3.15717 0.5205 1.81177 3.25377 2.46072 2.93951 3.0785 3.31151 2.42396 3.07423 3.27535 1.85445 1.27138 3.11638 2.57913 2.77582 2.53226 3.11009 2.70287 3.08947 2.62931 3.0421 2.07236 3.29603 3.60889 0.2111 0.75805 1.19407 0.84014 2.32519 3.12275 3.46562 3.30696 1.84981 3.25049 3.26573 x 3.19435 2.93361 3.0397 3.31476 0.96609 3.28763 3.24371 2.59113 2.61003 1.69457 3.42418 3.30969 2.00825 3.413 3.31545 2.48805 2.85614 3.53029 3.24792 3.18539 3.76192 1.92828 2.32453 1.90107 0.4652 2.39377 2.28291 0.38476 2.66274 3.2234 1.90741 3.44633 3.67578 2.09741 3.13193 1.10893 2.32898 2.8115 3.43096 3.40323 3.43087 2.8264
3.19767 3.90139 3.45952 3.45532 2.97618 3.48791 3.18019 3.44436 3.1645 3.20006 3.28122 3.35542 1.86097 3.39823 3.44456 3.31486 3.53339 1.88695 3.21607 3.25256 2.72594 2.19086 3.02878 2.4491 3.18037 3.27552 3.35119 3.46099 3.33437 2.79034 3.28994 3.52203 2.44335 3.47679 1.57094 3.57894 3.30502 1.56125 2.95435 3.36724 2.95685 3.27677 3.46724 1.85534 3.18924 3.18432 3.36534 3.10136 3.49153 3.27053 2.9408 3.34385 3.3986 3.34419 1.99633 3.34531 3.24743 3.19435 x 2.83059 3.39545 3.47612 3.35016 3.21042 3.45413 3.31171 3.20202 2.3214 4.65247 3.43122 1.76214 3.16936 3.45079 3.17443 3.42973 3.32129 3.45995 3.42374 2.4453 1.6991 3.2626 3.58007 3.12664 3.24869 1.42688 3.54064 3.46339 1.4664 2.54473 3.39394 3.49678 3.45942 3.37739 3.31433 3.47153 3.50668 3.26229 3.4226 3.51345 3.23801
3.40908 3.78271 3.2676 3.49203 2.6634 3.44749 3.2169 3.50268 3.27726 3.42245 3.31792 3.2138 1.92385 3.39255 3.28601 3.29502 3.68429 2.89778 3.41091 3.47007 2.76264 3.27716 2.91368 2.36769 3.39615 3.52263 3.2108 3.17956 3.74085 2.79365 3.33072 3.34877 2.37009 3.2981 3.42918 3.21537 3.08541 3.39983 1.66902 3.41255 3.23639 3.52388 4.81173 1.90065 3.22594 3.39424 2.7263 2.77714 3.62997 2.89078 2.94447 3.39806 2.98216 3.26536 3.00716 3.39062 3.28413 2.93361 2.83059 x 3.39863 3.54182 3.15216 3.24712 3.29815 3.47423 3.20532 2.24813 4.53242 3.90998 1.80292 3.39175 3.88097 2.23467 3.29642 3.56839 3.31849 3.23084 3.52806 3.08563 1.82716 1.14727 2.46841 1.79122 3.50054 2.88406 3.27957 3.3624 2.46333 3.25744 3.53569 3.45665 3.237 3.04276 3.66482 3.68668 3.299 3.4593 3.55015 3.4604
3.24792 3.61057 3.28115 3.30827 2.82154 3.46104 3.40948 3.49765 3.29081 3.45233 3.53421 3.40566 1.93891 3.17026 3.29955 3.30721 3.59293 2.16056 3.45494 3.62426 2.86029 3.58952 2.85695 2.28388 3.23061 3.36812 3.4509 2.99576 3.39598 3.02414 3.21257 2.98883 2.27038 2.61986 3.29222 2.99195 3.21993 2.78759 3.56538 1.32041 3.28511 3.6828 3.91004 1.91738 3.41477 3.23456 2.92572 2.91044 3.53682 2.72279 2.86535 3.23838 2.79836 3.27891 2.27909 3.25835 3.29767 3.0397 3.39545 3.39863 x 3.5623 3.37958 3.26066 3.50494 3.29044 3.13411 2.40741 2.64949 3.69096 1.81797 3.21961 3.32897 2.05088 3.25676 3.40932 3.33041 3.24438 3.69058 2.13235 3.16071 2.36609 2.972 1.78602 2.51053 3.08201 3.09578 3.37595 2.35254 3.25064 3.36354 3.64107 3.60711 3.36278 3.54109 0.32005 3.31254 3.10245 3.34146 3.48637
3.3234 3.67023 3.57247 3.21289 3.42499 3.25406 3.30398 3.22018 3.57466 3.51227 3.41624 3.30054 1.83817 3.21988 3.38078 3.40198 3.78483 2.09291 3.31323 3.38439 2.85313 3.46602 3.29683 2.22884 3.30417 3.23062 3.30129 3.23697 3.44884 2.85066 3.24504 3.4505 2.44097 3.36536 3.51976 3.07508 3.08476 2.71014 3.32708 3.52426 3.51186 3.41809 4.06008 1.80545 3.49457 3.30856 3.49668 3.43039 3.26504 3.61661 3.00782 3.29895 3.3394 3.35784 2.20392 3.50232 3.59513 3.31476 3.47612 3.54182 3.5623 x 3.30853 3.3376 3.21247 3.27429 3.03898 2.34626 4.52141 4.06142 1.90346 3.29194 3.97575 3.29757 3.2315 3.27639 3.23281 3.52204 3.41096 2.28239 3.40392 3.35303 3.21787 3.38009 2.4261 3.32957 3.42181 3.46566 2.32448 3.53648 3.45188 3.56836 3.5344 3.30243 3.42243 3.25424 3.21673 3.56776 3.25526 3.3652
3.37885 3.38872 3.24039 3.26751 1.2363 3.40286 3.18968 3.47481 3.25004 3.20954 3.49345 3.18659 1.87045 3.06366 3.25879 3.56732 3.28929 2.16768 3.19801 3.59222 2.52292 3.54876 1.48658 2.24059 3.36893 1.6607 2.27435 3.35515 2.60602 2.6756 3.30323 3.52252 2.2624 2.23747 3.21628 2.93448 3.14139 2.38287 3.38865 3.30206 3.39279 2.18255 2.30668 1.86706 3.37989 3.1938 0.7761 1.507 1.39064 1.53174 2.55166 3.36313 3.43695 3.23815 2.287 3.35703 3.25691 0.96609 3.35016 3.15216 3.37958 3.30853 x 3.2199 3.46423 3.2317 3.13394 2.35931 3.90983 3.83111 1.77268 3.35534 3.57849 3.25189 3.18296 3.33806 3.64473 3.20362 2.79583 2.13876 2.96155 2.58043 1.43129 2.80843 2.33979 0.64592 3.10319 3.52111 2.18925 3.23023 3.32278 1.25703 2.79849 1.75062 2.89717 3.43504 3.47009 3.24101 3.64848 3.2475
3.23624 3.83353 3.26947 3.49389 3.15346 3.26052 3.3978 3.50389 3.46525 3.4138 3.31978 3.55985 1.92592 3.13125 3.28787 3.12674 3.50672 2.22052 3.22709 3.29112 2.7645 3.36459 3.0884 2.41029 2.6994 3.52518 3.21267 3.32334 3.36907 2.80068 3.33279 3.5606 2.62242 3.27674 3.42129 2.99531 3.26621 2.40377 3.38142 3.41485 3.23825 3.52643 4.1857 1.90295 0.35689 3.40289 3.12971 3.01711 3.35279 3.15125 2.95229 1.65589 3.43716 3.26723 2.10785 3.20679 3.4808 3.28763 3.21042 3.24712 3.26066 3.3376 3.2199 x 3.50703 3.16993 2.99399 2.28647 4.53449 3.74453 1.80499 3.20792 3.94573 3.21299 3.3948 3.57095 3.52121 3.41501 3.32233 2.16457 3.48806 3.26441 3.28719 3.28726 2.36302 3.26105 3.32334 3.57744 2.50592 3.44786 3.35186 3.45895 3.425 3.36799 3.32537 3.34199 3.30086 3.27009 3.34367 3.45597
3.48955 3.53984 3.32298 3.17555 3.30388 3.22045 3.26664 3.36212 3.33371 3.28871 3.19642 3.46133 1.94667 3.02837 3.1677 3.36464 3.73874 2.21283 3.27589 3.17063 2.81164 3.42868 3.19551 2.29782 3.46581 3.36343 3.457 3.19963 3.61487 2.85187 3.2077 3.41316 2.28166 3.32388 3.50206 3.16799 3.21588 2.55768 3.10352 3.45724 3.49232 3.372 3.95708 1.76396 3.27669 3.27122 3.17214 3.4102 3.2277 3.59418 3.00916 3.45937 3.30206 3.53206 2.10092 3.25393 3.52794 3.24371 3.45413 3.29815 3.50494 3.21247 3.46423 3.50703 x 3.39291 3.04007 2.4229 4.50695 4.18352 1.85737 3.2546 3.93881 3.26023 3.35087 3.23905 3.37771 3.4847 3.19872 2.15833 3.18036 3.31736 3.15072 3.34275 2.53403 3.30819 3.19825 3.42832 2.36508 3.31169 3.22529 3.51169 3.28899 3.26095 3.20145 3.2169 3.17939 3.53598 3.40543 3.33088
3.34032 3.14008 3.19041 3.21754 2.59467 3.3703 3.31874 3.57325 3.21142 3.15957 3.24073 3.31493 1.83622 2.93718 3.20881 3.22555 3.4097 2.21449 3.14803 3.21206 2.74826 3.28553 2.47152 2.40208 3.13987 3.57449 3.33451 3.07136 3.28582 1.6253 2.88708 3.27157 2.1907 2.91963 3.51398 3.06666 3.0243 2.417 3.45965 3.48991 3.17463 3.09055 3.72878 1.80535 3.14875 3.14383 2.52201 2.34949 3.14519 2.41561 1.64631 3.29886 2.87396 3.18817 2.10242 3.46798 3.40174 2.59113 3.31171 3.47423 3.29044 3.27429 3.2317 3.16993 3.39291 x 2.09868 2.27908 3.98193 3.76506 1.71715 3.32111 3.78119 2.12647 3.17708 3.45683 3.41496 3.33596 3.23597 2.18089 3.23631 2.44169 2.53016 1.68302 2.37771 2.59543 0.21629 3.49838 2.26401 3.18025 3.45179 3.20575 3.50006 2.77342 3.24631 3.57848 3.07693 3.38211 2.17195 3.37433
3.08589 3.10738 3.2226 3.04061 2.59979 2.99307 3.26366 1.88658 3.17175 3.11081 3.02767 3.24191 1.82278 2.65236 3.22745 3.11199 3.14241 2.24738 3.21889 3.15911 2.78386 3.27646 2.61056 2.25883 2.98513 3.12563 3.23813 2.84754 3.10908 0.52598 1.25997 3.12532 2.25008 3.21285 3.10312 2.46092 2.9654 2.63824 3.2493 3.21607 3.00859 3.22451 3.19097 1.78835 3.29027 3.09208 2.754 2.63667 3.0029 2.44821 0.617 3.08022 3.20446 3.00424 2.13202 3.18593 3.14009 2.61003 3.20202 3.20532 3.13411 3.03898 3.13394 2.99399 3.04007 2.09868 x 2.37958 2.97715 3.1224 1.88447 3.24763 2.9317 3.1447 2.99352 3.07094 3.04977 3.27654 3.2468 2.18632 3.09023 3.30462 2.5348 3.18911 2.62354 2.56766 2.06401 3.01658 2.32999 3.11573 3.06659 3.21015 3.07555 2.74515 2.98316 3.10874 3.18571 3.18962 3.05369 2.95137
2.25949 2.00299 2.30755 2.45425 1.42435 2.67774 2.42464 2.29956 2.43369 2.89525 2.32734 2.37368 1.61033 2.4228 2.87629 2.48547 3.21461 2.11331 2.42074 2.338 2.39639 2.41542 1.67463 0.13023 2.98643 2.36011 2.29267 1.95396 2.25948 2.47228 2.42808 2.26031 0.36593 2.18297 2.96304 2.59998 1.08125 2.36941 2.43236 2.3317 2.31681 2.29056 3.67717 1.44367 2.29549 2.2387 1.88456 1.91219 2.48654 2.08762 2.33304 2.2361 2.83108 2.41916 2.22659 2.30319 2.24964 1.69457 2.3214 2.24813 2.40741 2.34626 2.35931 2.28647 2.4229 2.27908 2.37958 x 3.09199 2.40738 1.34768 2.32272 2.43035 2.35978 1.47893 2.22798 2.40699 2.86407 2.38584 2.23702 2.40815 2.66523 1.36596 2.39853 2.32484 1.86359 2.23112 2.34697 0.23649 2.31781 2.93703 2.86891 2.46781 2.26306 2.29496 2.43479 2.25228 2.36683 2.25217 3.11094
4.90165 2.13712 4.82176 4.19351 3.5044 3.81684 4.50809 4.85787 4.78373 4.75232 4.47713 4.69953 3.15247 4.08098 4.57771 4.02729 4.96143 3.9821 4.50554 4.4049 4.09418 4.75516 3.6435 3.20919 4.71958 4.67804 4.4784 4.23542 4.78664 2.78196 2.6412 3.26158 2.72606 2.89261 4.98938 4.25816 3.74755 4.48622 4.87482 1.62347 4.35731 4.43346 4.21988 3.3751 4.68364 4.89978 3.56815 3.38246 4.3036 3.56336 2.93149 4.39375 2.96522 4.3834 4.09148 4.329 4.40363 3.42418 4.65247 4.53242 2.64949 4.52141 3.90983 4.53449 4.50695 3.98193 2.97715 3.09199 x 4.70849 3.28277 4.63126 4.93667 4.59962 1.79229 4.69714 4.49652 1.97786 4.4792 3.79426 4.69011 4.91484 3.34895 4.15616 4.20917 3.74343 3.7784 3.88406 2.87914 4.37627 4.88243 4.91048 4.35787 3.7876 4.43667 2.93754 4.47296 4.63067 3.61421 4.47004
3.73307 3.72839 4.11062 3.79382 3.0665 3.65623 3.46351 4.02203 4.1602 3.87983 3.84851 4.08363 2.73746 3.70352 4.18292 3.84884 4.24548 2.13947 3.92107 4.06418 3.69854 4.0519 3.15694 2.28385 3.95104 3.97922 4.10198 3.9974 4.00978 2.94335 3.78583 3.83602 2.27035 2.40605 3.9804 3.51035 3.13977 2.49827 3.38463 3.83754 3.86004 4.21309 4.10465 2.52419 4.07579 3.95543 3.48069 3.39449 3.86438 3.56993 2.79264 3.87135 3.87857 4.03332 2.25566 0.9538 3.86555 3.30969 3.43122 3.90998 3.69096 4.06142 3.83111 3.74453 4.18352 3.76506 3.1224 2.40738 4.70849 x 2.61652 4.13877 0.40221 4.13705 3.25673 2.66058 3.8073 3.72988 4.14313 2.11337 3.86456 3.9441 3.24198 4.18248 2.46801 3.65597 3.58322 4.16409 2.35251 3.9959 3.81016 3.90191 4.10499 3.74537 4.22289 3.40292 3.88579 3.98981 4.10853 3.76936
1.79083 2.19377 1.82775 1.85789 1.81361 1.81781 1.77141 1.86689 1.83848 1.79348 1.88366 1.76797 0.3056 1.67418 1.8482 1.86941 2.28534 1.81197 1.78066 1.85181 1.26668 1.93344 1.88253 1.36719 1.7716 1.87978 1.76464 1.88761 2.1477 1.49612 1.89758 1.91793 1.68068 1.83583 1.80096 1.84855 1.90768 1.89552 1.76895 1.78248 1.79307 1.88132 3.83866 0.10259 1.78146 1.77599 1.81186 1.78191 1.92226 1.84607 1.64573 1.76638 1.80683 1.82526 1.73845 1.75811 1.84611 2.00825 1.76214 1.80292 1.81797 1.90346 1.77268 1.80499 1.85737 1.71715 1.88447 1.34768 3.28277 2.61652 x 1.75937 2.97851 1.765 1.85523 1.93628 1.88248 1.7869 1.88649 1.81862 1.86382 1.82213 1.82723 1.84752 1.83728 1.8184 1.88591 1.93308 1.56418 1.81646 1.9193 1.83148 1.79375 1.76591 1.88986 1.90893 1.86263 1.82844 1.9102 1.83565
3.19518 3.6034 3.22841 3.45283 3.19483 3.31134 3.35674 3.46283 3.23807 3.19757 3.27873 3.35292 1.85847 1.28524 3.44207 3.46563 3.62861 2.18398 3.18603 3.25006 2.89994 3.53678 3.27172 2.45057 3.17787 3.11512 2.73739 1.94948 3.30834 2.83595 3.48328 3.51954 2.41979 3.23568 3.36032 1.23118 3.06357 2.768 3.18298 3.36416 3.1972 2.69688 4.32946 1.85226 3.35616 3.35069 3.21411 3.3713 3.50328 3.5292 2.99148 3.34108 3.3961 3.41658 2.30512 3.34223 3.43974 3.413 3.16936 3.39175 3.21961 3.29194 3.35534 3.20792 3.2546 3.32111 3.24763 2.32272 4.63126 4.13877 1.75937 x 3.91285 3.40314 3.42149 1.93805 2.56306 3.19164 3.45777 2.38359 2.49627 3.29089 3.34529 3.33782 2.56014 3.21999 3.47383 3.32321 2.30329 3.39116 3.49401 3.40826 3.4093 3.49658 2.17497 3.29637 3.2598 3.42011 3.30261 3.41202
3.93367 3.53174 3.90423 4.19288 3.04523 4.01855 3.8255 3.83845 4.10617 3.90157 4.18111 3.8872 3.09945 3.64508 4.20467 3.80897 4.09117 2.16363 3.94281 3.86517 4.06053 4.07874 2.79495 2.30452 4.31809 4.34493 3.9518 3.94481 3.82742 2.73146 3.74796 3.81441 2.28709 2.27118 4.35838 3.45776 3.26762 2.51783 3.34293 3.47555 3.88178 3.86681 3.9128 2.88618 4.25235 3.82239 3.50544 3.03251 3.93323 3.20794 2.87537 4.10691 3.90031 3.84162 2.2825 1.22041 3.88729 3.31545 3.45079 3.88097 3.32897 3.97575 3.57849 3.94573 3.93881 3.78119 2.9317 2.43035 4.93667 0.40221 2.97851 3.91285 x 4.1612 3.17138 2.75651 3.78856 3.97559 4.16997 2.13511 3.84009 4.20847 3.24022 4.20932 2.48975 3.33018 3.98503 3.94296 2.37111 4.27334 4.04307 3.92366 4.34494 3.38338 4.07219 3.37881 4.20914 3.95282 3.90253 3.75441
3.20025 3.51062 3.42441 3.4579 2.50946 3.29705 3.36181 1.60753 3.24313 3.37381 3.464 2.99076 1.88593 2.49603 3.25188 3.44975 3.79947 2.21633 3.36878 3.25513 2.9062 3.10207 2.5817 2.24101 3.36202 3.45799 3.35436 1.8318 3.4966 3.07645 3.2928 3.52461 2.6774 3.07442 3.38705 2.67322 3.09693 3.03547 3.2482 3.23924 3.20226 3.4694 3.96023 1.85852 3.3695 3.18689 2.5534 2.81926 3.50371 2.69522 3.08881 3.35593 1.6344 3.23123 2.10407 3.34849 3.4448 2.48805 3.17443 2.23467 2.05088 3.29757 3.25189 3.21299 3.26023 2.12647 3.1447 2.35978 4.59962 4.13705 1.765 3.40314 4.1612 x 2.98656 3.50946 3.28057 3.36723 3.28382 2.37446 1.99675 1.20213 2.638 0.49273 2.74787 2.69407 1.93181 3.66296 2.53962 3.401 3.3104 3.23683 3.38056 3.21235 3.38575 2.33892 3.26487 3.2341 3.51602 2.70023
3.23959 0.58229 3.10539 2.86716 2.90327 3.35788 3.16763 3.53039 3.33198 3.49109 3.19469 3.48202 1.9753 3.02682 3.16598 3.18316 3.95505 2.36904 3.40142 3.1689 2.93639 3.2626 2.8382 1.59613 3.46408 3.19155 3.18371 2.91373 3.36782 2.80015 3.20597 3.16188 1.23666 3.514 3.50033 3.16626 2.13449 2.87316 3.26176 3.07418 3.28658 3.1928 2.89646 1.76204 3.63414 3.46277 2.76052 2.79194 3.22062 2.68818 2.9517 3.05329 1.5024 3.16404 2.47842 3.42781 3.15324 2.85614 3.42973 3.29642 3.25676 3.2315 3.18296 3.3948 3.35087 3.17708 2.99352 1.47893 1.79229 3.25673 1.85523 3.42149 3.17138 2.98656 x 3.23732 3.25645 3.39314 3.19699 2.42355 3.17863 3.30178 2.70829 2.5431 2.5961 2.67924 3.05403 3.21269 1.26608 3.41707 3.22357 3.53802 3.52236 3.14281 3.18995 3.40243 3.17767 3.3529 3.15528 3.54316
3.55347 3.71705 3.02838 3.23947 3.65233 3.1162 3.33056 3.42604 3.39763 3.35263 2.1134 3.32712 1.86475 3.02949 3.23162 3.2488 3.62519 2.25476 3.33981 3.23455 3.09651 3.49259 3.51235 2.3453 3.52973 3.43445 3.54468 3.26354 3.50131 2.88618 3.46408 3.28811 2.59391 3.58745 3.36011 2.85231 3.30923 2.83878 3.3599 3.52826 3.54003 3.25845 3.99482 1.83498 3.53506 3.53515 3.36725 3.39867 3.29162 3.53281 2.74118 3.32553 3.57323 3.59598 2.13866 3.25294 3.62171 3.53029 3.32129 3.56839 3.40932 3.27639 3.33806 3.57095 3.23905 3.45683 3.07094 2.22798 4.69714 2.66058 1.93628 1.93805 2.75651 3.50946 3.23732 x 3.25939 3.54862 3.26263 2.1923 3.42009 3.38128 3.45734 3.40667 2.57177 3.52354 3.26217 3.30037 2.44082 3.58511 3.28921 3.57413 3.53641 3.33197 3.44901 3.46808 3.24331 3.38759 3.28184 3.3948
2.73286 3.72811 3.55547 3.37346 3.30856 3.23876 3.28698 3.20318 3.55136 3.30836 3.39924 3.48167 2.00341 1.63218 3.36378 3.38498 3.9172 2.22128 3.47847 3.19097 3.03674 3.25709 3.39809 2.2835 3.48615 3.21362 3.28241 2.29641 3.61409 2.92001 3.41028 3.24453 2.27007 3.53364 3.3151 1.61666 2.98539 3.04323 3.25221 3.29846 3.51049 3.39711 3.96469 1.78656 3.29755 3.47022 3.11312 3.29584 3.24804 3.3557 2.77163 3.46419 3.3224 3.34084 2.10853 3.27653 3.57813 3.24792 3.45995 3.31849 3.33041 3.23281 3.64473 3.52121 3.37771 3.41496 3.04977 2.40699 4.49652 3.8073 1.88248 2.56306 3.78856 3.28057 3.25645 3.25939 x 3.50504 3.21906 2.37941 2.8432 3.63782 3.17106 3.18749 2.75282 3.32149 3.26812 3.44866 2.3522 3.32905 3.24563 2.5134 0.94027 3.28355 2.5219 3.41948 3.51731 3.55632 3.42577 3.38147
3.39306 3.9172 3.44412 3.47761 3.23908 3.24424 3.20248 3.28984 3.44516 3.40465 3.48219 3.3702 1.88325 3.11497 3.45044 3.11209 3.66827 2.25369 3.2108 3.45715 2.74822 2.97508 3.32089 2.94827 3.38173 3.48233 3.19639 3.30663 3.5444 2.86486 3.67967 3.52016 3.10302 3.26046 3.22907 3.27499 3.51964 2.78376 3.27847 3.2412 3.22197 3.50411 4.21225 1.88285 3.39384 3.2066 3.32936 3.42593 3.3347 3.61166 3.0236 3.19795 3.23436 3.4275 2.1377 3.19051 3.26971 3.18539 3.42374 3.23084 3.24438 3.52204 3.20362 3.41501 3.4847 3.33596 3.27654 2.86407 1.97786 3.72988 1.7869 3.19164 3.97559 3.36723 3.39314 3.54862 3.50504 x 3.22952 2.41182 3.48993 3.24813 3.11016 3.45329 2.78523 3.50465 3.50782 2.33776 2.94581 3.24302 3.3323 3.43885 3.22259 3.37984 3.4914 3.3239 3.46487 3.43067 3.32739 3.2603
3.51314 3.76939 3.53375 3.37671 3.62892 3.0799 3.29023 3.38571 3.35247 3.49132 3.22001 3.48492 1.82442 3.37601 3.36703 3.20847 3.33917 2.21872 0.85641 3.19422 2.96851 1.99664 3.51631 2.26446 3.4894 1.44578 2.29932 3.40643 2.76308 2.76896 3.23129 3.24778 2.25464 3.55343 3.31871 3.37459 2.96996 2.56245 3.46388 3.4843 2.76263 1.98913 4.22587 1.79017 3.48232 3.49482 3.57193 3.30156 3.25129 3.3593 2.91704 3.2852 3.32565 3.55565 2.10622 3.48348 3.58138 3.76192 2.4453 3.52806 3.69058 3.41096 2.79583 3.32233 3.19872 3.23597 3.2468 2.38584 4.4792 4.14313 1.88649 3.45777 4.16997 3.28382 3.19699 3.26263 3.21906 3.22952 x 2.1631 3.44664 3.33776 3.46101 3.36634 2.53933 3.37716 3.39516 1.2506 2.33506 3.33528 3.43813 3.53331 3.31222 3.4905 3.22504 3.41588 3.38145 3.34726 3.42902 3.53748
2.15371 2.70526 2.14481 2.10198 2.00657 1.9775 2.44555 2.29173 2.29522 2.3593 2.16275 2.184 1.90308 2.28106 2.39761 1.98408 2.3249 0.20872 2.16193 2.32472 2.95863 2.30955 1.98442 2.35535 3.55527 2.24416 2.35616 2.38514 2.27813 2.26886 2.02929 2.17317 2.14906 2.07986 3.11295 2.40076 2.07383 0.69197 1.58351 3.10748 2.34523 2.27329 2.15339 1.72909 2.12742 2.27192 1.92523 1.74686 2.18038 1.74603 2.1856 2.3592 2.36811 2.0822 0.29723 2.12604 2.35203 1.92828 1.6991 3.08563 2.13235 2.28239 2.13876 2.16457 2.15833 2.18089 2.18632 2.23702 3.79426 2.11337 1.81862 2.38359 2.13511 2.37446 2.42355 2.1923 2.37941 2.41182 2.1631 x 2.38001 2.40099 1.86057 2.19852 0.46101 2.13379 2.14911 2.15622 2.08724 3.48981 2.07248 2.1447 2.24662 2.31556 2.15815 2.34226 2.37702 2.456 2.37085 2.23516
3.49478 3.65183 3.32821 3.35835 2.05431 3.06337 3.4708 3.09917 3.51591 3.47527 3.38413 3.46656 1.98475 1.56539 3.34867 3.19011 2.79253 2.22188 3.28112 3.17586 2.81745 1.61111 1.80403 2.28454 3.47104 3.19851 3.26561 2.22962 3.62132 2.96996 3.39162 3.22942 2.48228 2.55492 3.48359 1.54245 3.39435 3.04398 3.32928 3.58776 3.47482 3.37846 4.20339 1.76977 3.28192 3.47646 2.51452 2.04159 2.94232 2.21702 2.81659 3.4646 2.74424 3.53729 2.10907 3.45829 3.53374 2.32453 3.2626 1.82716 3.16071 3.40392 2.96155 3.48806 3.18036 3.23631 3.09023 2.40815 4.69011 3.86456 1.86382 2.49627 3.84009 1.99675 3.17863 3.42009 2.8432 3.48993 3.44664 2.38001 x 0.88291 2.23049 1.55329 2.75342 2.43835 3.04165 2.3211 2.58799 2.07423 3.23052 3.32577 3.29181 1.35067 2.45511 3.10387 3.18462 3.3289 3.41066 3.52213
3.25166 3.82584 3.28489 3.31202 1.63085 3.36218 3.41322 2.64891 3.29455 3.43775 3.53795 3.23109 2.10471 2.36001 3.3033 3.52211 3.58715 2.24286 3.42351 3.50257 2.96969 2.24462 1.88114 2.78244 3.23436 3.52148 3.41785 2.14701 3.55374 2.821 3.5375 3.57602 3.03116 2.63202 3.44606 2.18282 3.35683 3.06987 2.53466 3.55446 3.25368 3.54761 3.98971 1.922 3.42439 3.23831 1.88195 2.11869 2.59743 2.06471 2.97486 3.40763 1.94962 3.47306 2.12795 3.22222 3.49622 1.90107 3.58007 1.14727 2.36609 3.35303 2.58043 3.26441 3.31736 2.44169 3.30462 2.66523 4.91484 3.9441 1.82213 3.29089 4.20847 1.20213 3.30178 3.38128 3.63782 3.24813 3.33776 2.40099 0.88291 x 1.59541 0.84297 2.7744 2.05724 2.24703 3.11572 2.87807 2.66143 3.57755 3.39291 3.25429 2.01022 2.92475 2.65414 3.31628 3.47659 3.3591 3.48461
3.49247 2.85856 3.30616 3.00895 0.21665 2.57722 3.39704 3.15843 3.3093 3.42844 3.17201 3.38531 1.91155 2.43069 3.36187 2.51177 3.5219 1.85858 3.48539 3.28617 2.69002 3.08947 0.44527 1.34657 3.24242 2.63333 2.86428 2.98793 3.43523 2.1802 2.9283 3.49339 1.5953 1.19615 3.47765 2.5039 2.31062 2.29729 2.79771 2.62764 3.2639 2.55408 2.87796 1.73684 3.27967 3.36138 0.65519 0.68282 1.58355 0.85826 2.1058 3.43496 3.38549 3.23173 1.7821 3.07108 3.48152 0.4652 3.12664 2.46841 2.972 3.21787 1.43129 3.28719 3.15072 2.53016 2.5348 1.36596 3.34895 3.24198 1.82723 3.34529 3.24022 2.638 2.70829 3.45734 3.17106 3.11016 3.46101 1.86057 2.23049 1.59541 x 2.19454 2.08942 0.84996 2.595 3.4926 1.44221 3.37109 3.41556 2.30635 3.31633 1.0337 2.25375 2.96285 3.34698 3.33553 3.34688 2.75117
3.27809 3.06716 3.31501 3.34515 2.38953 3.38275 3.4576 1.89023 3.3174 3.2769 3.37092 3.43422 1.79285 2.05258 3.33546 3.17691 3.7289 2.26244 3.26536 3.33907 2.80278 3.00329 2.37583 2.27588 3.45784 3.36091 3.25094 1.5426 3.40352 3.30832 3.19972 3.21621 2.71615 3.05162 3.47874 2.22976 3.20791 2.59787 3.29333 2.79579 3.27653 3.36216 4.00557 1.7551 3.26608 3.43876 2.34438 2.3758 3.01361 2.50994 3.1647 3.25251 1.32327 3.31252 2.14557 3.44018 3.54982 2.39377 3.24869 1.79122 1.78602 3.38009 2.80843 3.28726 3.34275 1.68302 3.18911 2.39853 4.15616 4.18248 1.84752 3.33782 4.20932 0.49273 2.5431 3.40667 3.18749 3.45329 3.36634 2.19852 1.55329 0.84297 2.19454 x 2.57868 2.50068 1.65373 3.42034 2.57837 3.4201 3.33756 3.3111 3.47225 2.7689 2.9423 1.89546 3.34989 3.52697 3.46565 3.14368
2.52888 3.12017 2.34524 2.45661 2.07546 2.29711 2.60116 2.47747 2.08923 2.7742 2.59443 2.62066 1.95821 2.6357 2.79988 2.33871 2.50732 0.60276 2.59342 2.67935 2.91929 2.66419 2.1182 2.45292 3.24799 2.43465 2.53545 2.56153 2.46523 2.45688 2.4442 2.55051 2.22777 2.4345 2.69804 2.77417 2.28136 0.30784 1.99842 3.21164 2.52562 2.41873 2.35296 1.93883 2.48206 2.41761 2.24461 2.16177 2.37725 1.98634 2.54465 2.71383 2.54621 2.28889 0.71213 2.32835 2.53174 2.28291 1.42688 3.50054 2.51053 2.4261 2.33979 2.36302 2.53403 2.37771 2.62354 2.32484 4.20917 2.46801 1.83728 2.56014 2.48975 2.74787 2.5961 2.57177 2.75282 2.78523 2.53933 0.46101 2.75342 2.7744 2.08942 2.57868 x 2.33532 2.50375 2.60395 2.3052 3.28837 2.42712 2.57215 2.66368 2.68898 2.35724 2.46943 2.50275 2.82941 2.49775 2.65094
3.55199 2.93538 3.28153 3.34483 0.65497 2.93198 3.25835 3.51596 3.29119 3.1151 3.18814 3.50083 1.93934 2.78573 3.43291 3.04412 3.27944 1.96623 3.26884 3.37154 2.85196 3.50346 0.90526 1.94779 3.25855 2.07596 2.62824 3.08203 2.92675 2.32697 3.34438 3.2941 1.86786 1.65614 3.12116 2.89839 2.52796 2.37884 2.88493 3.08763 3.43394 2.76388 2.65734 1.91786 3.3008 3.59429 0.21641 1.02853 0.89923 1.04628 2.17815 3.40428 3.17291 3.62622 2.06317 3.21886 3.3101 0.38476 3.54064 2.88406 3.08201 3.32957 0.64592 3.26105 3.30819 2.59543 2.56766 1.86359 3.74343 3.65597 1.8184 3.21999 3.33018 2.69407 2.67924 3.52354 3.32149 3.50465 3.37716 2.13379 2.43835 2.05724 0.84996 2.50068 2.33532 x 2.66752 3.57044 1.83416 3.42604 3.65449 1.71266 2.90263 1.34431 2.71374 2.82384 3.43415 3.40919 3.14476 3.21116
3.51267 3.27269 3.06603 3.09045 2.66668 3.54598 3.4887 3.37859 3.35195 3.03827 3.11132 3.48445 1.82395 3.04918 3.36656 3.38366 3.57226 2.17918 3.29901 3.37017 2.83733 3.4518 2.52984 2.34879 3.02054 3.3993 3.48872 2.8767 3.43462 1.81996 2.99158 3.43628 2.35308 3.02774 3.31932 3.19111 3.20471 2.53043 3.30835 3.30155 3.31108 3.21765 3.9268 1.78965 3.29981 3.35229 2.46447 2.54698 3.02533 2.46772 1.67634 3.28473 2.6793 3.06401 2.29978 3.27962 3.25623 2.66274 3.46339 3.27957 3.09578 3.42181 3.10319 3.32334 3.19825 0.21629 2.06401 2.23112 3.7784 3.58322 1.88591 3.47383 3.98503 1.93181 3.05403 3.26217 3.26812 3.50782 3.39516 2.14911 3.04165 2.24703 2.595 1.65373 2.50375 2.66752 x 3.3432 2.44443 3.33482 3.30127 3.34565 3.31169 2.86529 3.40821 3.38382 3.20252 3.23856 2.19699 3.53297
3.53925 3.69538 3.59645 3.23688 3.33833 3.3758 3.5269 3.43603 3.5869 3.56708 3.25775 3.51639 2.05402 3.45971 3.22903 3.2305 2.21363 2.21021 1.89631 3.23195 2.87978 0.96789 3.55982 2.22948 3.32816 2.42674 3.42486 3.45281 3.61231 2.87903 3.46089 3.28551 2.46892 3.39202 2.73361 3.29092 3.18424 2.56337 3.45537 3.55718 1.81899 3.11467 3.96327 1.8321 3.55626 3.52441 3.37045 3.33625 3.48089 3.51202 2.73475 3.54269 3.55244 3.56503 2.09857 3.53524 3.61912 3.2234 1.4664 3.3624 3.37595 3.46566 3.52111 3.57744 3.42832 3.49838 3.01658 2.34697 3.88406 4.16409 1.93308 3.32321 3.94296 3.66296 3.21269 3.30037 3.44866 2.33776 1.2506 2.15622 2.3211 3.11572 3.4926 3.42034 2.60395 3.57044 3.3432 x 2.30358 3.58776 3.47848 3.3881 3.56732 3.5367 3.45464 3.27822 3.24072 3.56821 3.45895 3.60503
2.47594 1.79015 2.28964 2.63409 1.63719 2.4649 2.36649 2.52048 2.37382 2.98045 2.55133 2.32521 1.66214 2.63564 2.8015 2.27263 2.99246 2.25116 2.36333 2.56318 2.34361 2.35903 1.88747 0.33005 2.90063 2.31422 2.51282 1.9714 2.47594 2.43789 2.36928 2.24712 0.1701 2.37452 3.05578 2.81282 0.9649 2.34531 2.37274 2.31137 2.29797 2.27435 3.8729 1.65651 2.51594 2.45285 1.82618 1.91253 2.66595 1.89671 2.31258 2.22533 2.61824 2.36205 2.13542 2.5245 2.23752 1.90741 2.54473 2.46333 2.35254 2.32448 2.18925 2.50592 2.36508 2.26401 2.32999 0.23649 2.87914 2.35251 1.56418 2.30329 2.37111 2.53962 1.26608 2.44082 2.3522 2.94581 2.33506 2.08724 2.58799 2.87807 1.44221 2.57837 2.3052 1.83416 2.44443 2.30358 x 2.29887 3.13513 2.95119 2.64765 2.22831 2.27831 2.61463 2.46794 2.31966 2.23979 3.22011
3.24656 3.59942 3.27979 3.50421 3.52901 3.17783 3.22908 3.51421 3.478 3.4375 3.53285 3.16015 1.90985 3.4322 3.49345 3.31728 3.68571 3.32868 3.41246 3.30144 2.96338 3.31681 3.67084 2.44511 3.22925 3.32985 3.22299 3.51531 3.78347 2.93594 3.55377 3.57092 2.41537 3.47561 3.44423 3.25501 3.05915 3.5521 3.44958 3.23905 3.24858 3.3311 4.96135 1.9157 3.23813 3.40779 3.5903 3.42708 3.57377 3.48483 2.78597 3.39818 3.44749 3.27755 3.38797 3.21711 3.29631 3.44633 3.39394 3.25744 3.25064 3.53648 3.23023 3.44786 3.31169 3.18025 3.11573 2.31781 4.37627 3.9959 1.81646 3.39116 4.27334 3.401 3.41707 3.58511 3.32905 3.24302 3.33528 3.48981 2.07423 2.66143 3.37109 3.4201 3.28837 3.42604 3.33482 3.58776 2.29887 x 3.5511 3.4717 3.43774 3.08241 3.33569 3.21362 3.50949 3.28041 3.35399 3.47545
3.33623 3.70176 3.58529 3.22572 3.57842 3.2656 3.31681 3.23301 3.59227 3.55177 3.24659 3.31337 1.85099 2.61346 3.3936 3.41481 3.61144 2.09404 3.32996 3.39721 3.00132 3.28692 3.47086 2.91259 3.51598 3.43269 3.52581 2.1658 3.48756 2.94077 3.44711 3.43713 3.23998 3.58988 3.5585 2.79064 3.45529 2.46146 3.34292 3.3316 3.34113 3.2447 4.06134 1.8197 3.33068 3.32139 3.48381 3.22538 3.46711 3.38883 2.79032 3.50102 3.55948 3.58223 2.20518 3.30967 3.39151 3.67578 3.49678 3.53569 3.36354 3.45188 3.32278 3.35186 3.22529 3.45179 3.06659 2.93703 4.88243 3.81016 1.9193 3.49401 4.04307 3.3104 3.22357 3.28921 3.24563 3.3323 3.43813 2.07248 3.23052 3.57755 3.41556 3.33756 2.42712 3.65449 3.30127 3.47848 3.13513 3.5511 x 3.58597 3.34174 3.52696 3.50318 3.45631 3.40803 3.37384 3.4556 3.37946
3.55378 3.70828 3.48424 3.32043 2.36763 3.58632 3.2426 3.32853 3.30296 3.26246 3.54637 3.41782 2.1151 3.15509 3.31171 3.41996 3.92589 2.19599 3.25093 3.49863 2.98007 3.60168 2.35612 2.95312 3.24277 2.62596 3.17824 3.50382 3.47675 2.79847 3.54788 3.37447 3.109 3.03191 3.45448 3.01676 3.36524 2.78001 3.46813 3.4293 3.2621 3.31388 3.20734 1.93239 3.43281 3.42673 1.90742 2.56991 2.52196 2.48836 2.94983 3.23807 3.461 3.29107 2.08577 3.42236 3.50464 2.09741 3.45942 3.45665 3.64107 3.56836 1.25703 3.45895 3.51169 3.20575 3.21015 2.86891 4.91048 3.90191 1.83148 3.40826 3.92366 3.23683 3.53802 3.57413 2.5134 3.43885 3.53331 2.1447 3.32577 3.39291 2.30635 3.3111 2.57215 1.71266 3.34565 3.3881 2.95119 3.4717 3.58597 x 1.8524 2.70894 3.55325 3.36637 3.3247 3.48501 3.57585 3.30042
2.09624 3.69418 3.45028 3.48377 3.17968 3.43924 3.20864 3.29458 3.44757 3.41221 3.51241 3.20555 1.88941 2.47842 3.27775 3.28759 3.67513 2.28752 3.21697 3.281 2.75439 3.56773 3.38544 2.33824 3.20881 3.30714 3.38631 3.14266 3.55126 2.8913 3.50596 3.34051 2.53598 3.26662 3.42052 2.30124 3.4677 2.67437 3.21737 3.21861 3.22814 3.30839 4.27632 1.89047 3.21769 3.21277 3.00873 3.21809 3.34156 3.07172 2.74579 3.38209 3.24052 3.25711 2.16814 3.19667 3.47068 3.13193 3.37739 3.237 3.60711 3.5344 2.79849 3.425 3.28899 3.50006 3.07555 2.46781 4.35787 4.10499 1.79375 3.4093 4.34494 3.38056 3.52236 3.53641 0.94027 3.22259 3.31222 2.24662 3.29181 3.25429 3.31633 3.47225 2.66368 2.90263 3.31169 3.56732 2.64765 3.43774 3.34174 1.8524 x 3.20369 3.36814 3.33241 2.67107 3.25997 3.5419 2.81692
3.38421 3.09008 3.23429 3.45872 0.83871 3.3241 3.18359 3.47726 3.43715 3.20345 3.39032 3.18049 1.86436 2.21134 3.54956 3.4798 3.47506 2.22035 3.19191 3.25595 2.72933 2.6656 0.65381 2.38027 3.36284 3.38517 3.00744 2.87557 3.57839 2.54394 3.55505 3.52543 2.15857 1.33932 3.38221 2.38852 3.00988 2.93833 3.23006 2.7708 3.3867 2.69725 3.73592 1.85953 3.19263 3.36772 1.16903 0.82598 1.72671 1.00142 2.43317 3.17906 3.40199 3.23205 2.10769 3.40217 3.25082 1.10893 3.31433 3.04276 3.36278 3.30243 1.75062 3.36799 3.26095 2.77342 2.74515 2.26306 3.7876 3.74537 1.76591 3.49658 3.38338 3.21235 3.14281 3.33197 3.28355 3.37984 3.4905 2.31556 1.35067 2.01022 1.0337 2.7689 2.68898 1.34431 2.86529 3.5367 2.22831 3.08241 3.52696 2.70894 3.20369 x 1.46846 3.31455 3.26569 3.23492 3.3085 3.3949
3.49576 3.39502 3.34931 3.37945 2.05877 3.33937 3.4919 3.20917 3.55955 3.31501 3.40522 3.47036 2.01079 0.98858 3.36976 3.19771 3.57547 2.18923 3.30347 3.19695 2.84089 3.51459 1.80849 2.41973 3.29315 3.21961 3.28905 1.55396 3.75975 2.78864 3.23402 3.25051 2.20357 2.55938 3.32174 1.0669 2.91889 2.56511 3.22625 3.50958 3.51869 3.40449 3.94627 1.79321 3.30419 3.48118 2.51897 1.74548 2.94677 1.74637 2.93891 3.49466 3.53564 3.34682 2.07968 3.48722 3.36767 2.32898 3.47153 3.66482 3.54109 3.42243 2.89717 3.32537 3.20145 3.24631 2.98316 2.29496 4.43667 4.22289 1.88986 2.17497 4.07219 3.38575 3.18995 3.44901 2.5219 3.4914 3.22504 2.15815 2.45511 2.92475 2.25375 2.9423 2.35724 2.71374 3.40821 3.45464 2.27831 3.33569 3.50318 3.55325 3.36814 1.46846 x 3.42686 3.38419 3.35 3.43175 3.55701
3.53132 3.9005 3.36475 3.21732 2.82365 3.35481 3.50735 3.40712 3.56274 3.51587 3.23819 3.30497 1.8426 3.14128 3.20947 3.21161 3.88376 2.18413 3.51877 3.33622 2.85805 3.47044 2.8593 2.30852 3.50758 3.42231 3.51428 3.2838 3.45326 3.00977 3.24947 3.27687 2.50626 2.9079 3.33797 3.00434 3.25765 2.49954 3.31009 1.47641 3.33007 3.42356 4.1614 1.81037 3.31846 3.513 2.92119 2.81093 3.26947 2.70527 2.85242 3.27815 3.08641 3.57383 2.30528 3.30034 3.38311 2.8115 3.50668 3.68668 0.32005 3.25424 3.43504 3.34199 3.2169 3.57848 3.10874 2.43479 2.93754 3.40292 1.90893 3.29637 3.37881 2.33892 3.40243 3.46808 3.41948 3.3239 3.41588 2.34226 3.10387 2.65414 2.96285 1.89546 2.46943 2.82384 3.38382 3.27822 2.61463 3.21362 3.45631 3.36637 3.33241 3.31455 3.42686 x 3.39963 3.12712 3.25969 3.55369
0.87161 3.65076 3.51228 3.35739 3.20727 3.49578 3.46984 3.36558 3.52931 3.2905 3.20069 3.26754 1.95141 3.18313 3.17197 3.33848 3.55341 2.17807 3.47727 3.35336 2.81638 3.43294 3.3783 2.3723 3.27109 3.19755 3.46285 3.38236 3.41576 3.0137 3.21196 3.22845 2.58443 3.32861 3.29723 3.042 3.08956 2.80477 3.10778 3.47891 3.29013 3.1988 4.15471 1.7687 3.27968 3.27476 3.27785 3.48972 3.41043 3.68254 2.85595 3.46442 3.30633 3.3191 2.29855 3.25867 1.46063 3.43096 3.26229 3.299 3.31254 3.21673 3.47009 3.30086 3.17939 3.07693 3.18571 2.25228 4.47296 3.88579 1.86263 3.2598 4.20914 3.26487 3.17767 3.24331 3.51731 3.46487 3.38145 2.37702 3.18462 3.31628 3.34698 3.34989 2.50275 3.43415 3.20252 3.24072 2.46794 3.50949 3.40803 3.3247 2.67107 3.26569 3.38419 3.39963 x 3.50481 3.39555 3.52676
3.44842 3.90393 3.48151 3.3177 3.18506 3.46159 3.23986 3.51688 3.30023 3.45081 3.53197 3.23677 2.11172 3.44521 3.47691 3.30771 3.69144 2.29787 3.24819 0.57979 2.96975 3.38569 3.26087 2.24735 3.41912 3.00873 2.23401 3.5562 3.20195 2.77794 3.71545 3.5617 2.48878 3.48892 3.45754 3.25172 3.10327 3.08738 3.31425 3.44091 3.45044 2.3208 4.26377 1.92901 3.24891 3.43507 3.2529 3.35924 3.58147 3.53756 2.92702 3.42642 3.45827 1.952 2.17746 3.2279 3.5019 3.40323 3.4226 3.4593 3.10245 3.56776 3.24101 3.27009 3.53598 3.38211 3.18962 2.36683 4.63067 3.98981 1.82844 3.42011 3.95282 3.2341 3.3529 3.38759 3.55632 3.43067 3.34726 2.456 3.3289 3.47659 3.33553 3.52697 2.82941 3.40919 3.23856 3.56821 2.31966 3.28041 3.37384 3.48501 3.25997 3.23492 3.35 3.12712 3.50481 x 3.55397 3.48876
3.33093 3.36381 2.18663 3.21835 3.20718 3.26595 3.49249 3.22564 3.58215 3.33331 3.09429 3.4935 2.03113 3.56468 3.2105 3.41519 3.60407 2.17252 3.53011 3.21342 2.99221 3.47147 3.4761 2.37218 3.5086 3.42358 3.30736 3.42993 3.57401 2.92485 3.25049 3.44532 2.1689 3.58457 3.34004 3.3854 3.00008 2.7986 3.14631 2.39232 3.54128 3.42483 3.92081 1.81151 3.53084 3.52591 3.27777 3.66706 3.27049 3.47579 2.77599 3.49191 3.55211 3.36191 2.29238 3.50982 3.60059 3.43087 3.51345 3.55015 3.34146 3.25526 3.64848 3.34367 3.40543 2.17195 3.05369 2.25217 3.61421 4.10853 1.9102 3.30261 3.90253 3.51602 3.15528 3.28184 3.42577 3.32739 3.42902 2.37085 3.41066 3.3591 3.34688 3.46565 2.49775 3.14476 2.19699 3.45895 2.23979 3.35399 3.4556 3.57585 3.5419 3.3085 3.43175 3.25969 3.39555 3.55397 x 3.57961
3.44697 3.62648 3.48799 3.32419 2.84021 3.4688 3.24635 1.39272 3.48946 3.44446 3.34738 2.79743 1.92712 3.15885 3.51072 3.66541 3.96535 2.27479 3.43568 3.51473 2.98471 3.60544 2.80647 3.18908 3.24653 3.56305 3.43287 3.35093 3.92071 2.96354 3.57746 3.58819 3.05119 3.55736 3.27295 3.32375 3.56161 2.6629 3.51995 3.43346 3.44406 3.35029 4.01558 1.93702 3.2554 3.25048 3.0164 3.04402 3.38345 3.21946 2.81081 3.24183 3.27823 3.22097 2.15669 3.23438 3.50839 2.8264 3.23801 3.4604 3.48637 3.3652 3.2475 3.45597 3.33088 3.37433 2.95137 3.11094 4.47004 3.76936 1.83565 3.41202 3.75441 2.70023 3.54316 3.3948 3.38147 3.2603 3.53748 2.23516 3.52213 3.48461 2.75117 3.14368 2.65094 3.21116 3.53297 3.60503 3.22011 3.47545 3.37946 3.30042 2.81692 3.3949 3.55701 3.55369 3.52676 3.48876 3.57961 x